1 UPLOADED
/Users/hhullen/PROJECTS/CPP7_MLP-0/datasets/emnist-letters/emnist-letters-train.csv
LINES: 88801
TESTING: 0 1
EPOCH: 0
/Users/hhullen/PROJECTS/CPP7_MLP-0/datasets/emnist-letters/emnist-letters-test.csv
LINES: 14801
PRECISION	RECALL		F-MEASURE	AVG-ACC		ANSS
4.924		76.000		9.249		83.420		12347
5.799		89.500		10.892		83.420		12347
5.912		91.250		11.105		83.420		12347
5.661		87.375		10.634		83.420		12347
5.823		89.875		10.938		83.420		12347
5.532		85.375		10.390		83.420		12347
4.155		64.125		7.804		83.420		12347
5.467		84.375		10.269		83.420		12347
4.438		68.500		8.337		83.420		12347
5.823		89.875		10.938		83.420		12347
5.645		87.125		10.603		83.420		12347
4.949		76.375		9.295		83.420		12347
6.131		94.625		11.516		83.420		12347
5.564		85.875		10.451		83.420		12347
5.945		91.750		11.166		83.420		12347
5.880		90.750		11.044		83.420		12347
4.892		75.500		9.188		83.420		12347
4.463		68.875		8.382		83.420		12347
2.997		92.500		5.805		83.420		12347
EPOCH: 1
/Users/hhullen/PROJECTS/CPP7_MLP-0/datasets/emnist-letters/emnist-letters-test.csv
LINES: 14801
PRECISION	RECALL		F-MEASURE	AVG-ACC		ANSS
4.907		75.625		9.216		83.305		12330
5.693		87.750		10.693		83.305		12330
5.848		90.125		10.982		83.305		12330
5.564		85.750		10.449		83.305		12330
5.783		89.125		10.861		83.305		12330
5.604		86.375		10.526		83.305		12330
4.371		67.375		8.210		83.305		12330
5.466		84.250		10.267		83.305		12330
4.704		72.500		8.835		83.305		12330
5.702		87.875		10.708		83.305		12330
5.888		90.750		11.059		83.305		12330
4.501		69.375		8.454		83.305		12330
6.237		96.125		11.714		83.305		12330
5.385		83.000		10.114		83.305		12330
6.156		94.875		11.561		83.305		12330
5.994		92.375		11.257		83.305		12330
4.728		72.875		8.880		83.305		12330
4.469		68.875		8.393		83.305		12330
3.001		92.500		5.813		83.305		12330
EPOCH: 2
/Users/hhullen/PROJECTS/CPP7_MLP-0/datasets/emnist-letters/emnist-letters-test.csv
LINES: 14801
PRECISION	RECALL		F-MEASURE	AVG-ACC		ANSS
5.004		77.000		9.397		83.170		12310
5.841		89.875		10.969		83.170		12310
5.841		89.875		10.969		83.170		12310
5.743		88.375		10.786		83.170		12310
5.873		90.375		11.030		83.170		12310
5.662		87.125		10.633		83.170		12310
4.119		63.375		7.735		83.170		12310
5.491		84.500		10.313		83.170		12310
4.517		69.500		8.482		83.170		12310
5.678		87.375		10.664		83.170		12310
5.881		90.500		11.045		83.170		12310
4.752		73.125		8.924		83.170		12310
6.190		95.250		11.625		83.170		12310
5.435		83.625		10.206		83.170		12310
5.841		89.875		10.969		83.170		12310
5.938		91.375		11.152		83.170		12310
4.720		72.625		8.863		83.170		12310
4.452		68.500		8.360		83.170		12310
3.022		93.000		5.854		83.170		12310
EPOCH: 3
/Users/hhullen/PROJECTS/CPP7_MLP-0/datasets/emnist-letters/emnist-letters-test.csv
LINES: 14801
PRECISION	RECALL		F-MEASURE	AVG-ACC		ANSS
5.067		78.625		9.520		83.873		12414
5.776		89.625		10.852		83.873		12414
5.872		91.125		11.034		83.873		12414
5.639		87.500		10.595		83.873		12414
5.808		90.125		10.913		83.873		12414
5.534		85.875		10.398		83.873		12414
4.189		65.000		7.870		83.873		12414
5.389		83.625		10.126		83.873		12414
3.931		61.000		7.386		83.873		12414
5.719		88.750		10.746		83.873		12414
5.776		89.625		10.852		83.873		12414
5.131		79.625		9.641		83.873		12414
6.203		96.250		11.654		83.873		12414
5.437		84.375		10.216		83.873		12414
6.017		93.375		11.306		83.873		12414
5.953		92.375		11.185		83.873		12414
4.608		71.500		8.657		83.873		12414
4.938		76.625		9.278		83.873		12414
3.013		93.500		5.837		83.873		12414
EPOCH: 4
/Users/hhullen/PROJECTS/CPP7_MLP-0/datasets/emnist-letters/emnist-letters-test.csv
LINES: 14801
PRECISION	RECALL		F-MEASURE	AVG-ACC		ANSS
4.815		74.750		9.048		83.906		12419
5.685		88.250		10.682		83.906		12419
5.733		89.000		10.772		83.906		12419
5.556		86.250		10.440		83.906		12419
5.838		90.625		10.969		83.906		12419
5.443		84.500		10.228		83.906		12419
4.187		65.000		7.867		83.906		12419
5.395		83.750		10.137		83.906		12419
3.946		61.250		7.414		83.906		12419
5.556		86.250		10.440		83.906		12419
5.862		91.000		11.014		83.906		12419
5.081		78.875		9.547		83.906		12419
6.200		96.250		11.650		83.906		12419
5.459		84.750		10.258		83.906		12419
6.112		94.875		11.483		83.906		12419
5.951		92.375		11.181		83.906		12419
4.783		74.250		8.987		83.906		12419
5.387		83.625		10.122		83.906		12419
3.012		93.500		5.835		83.906		12419
EPOCH: 5
/Users/hhullen/PROJECTS/CPP7_MLP-0/datasets/emnist-letters/emnist-letters-test.csv
LINES: 14801
PRECISION	RECALL		F-MEASURE	AVG-ACC		ANSS
4.612		71.875		8.668		84.231		12467
5.687		88.625		10.688		84.231		12467
5.815		90.625		10.929		84.231		12467
5.631		87.750		10.583		84.231		12467
5.831		90.875		10.960		84.231		12467
5.519		86.000		10.372		84.231		12467
4.364		68.000		8.201		84.231		12467
5.454		85.000		10.251		84.231		12467
4.484		69.875		8.427		84.231		12467
5.655		88.125		10.628		84.231		12467
5.470		85.250		10.281		84.231		12467
4.652		72.500		8.743		84.231		12467
6.000		93.500		11.276		84.231		12467
5.623		87.625		10.568		84.231		12467
6.016		93.750		11.306		84.231		12467
5.855		91.250		11.005		84.231		12467
4.885		76.125		9.181		84.231		12467
5.438		84.750		10.221		84.231		12467
3.008		93.750		5.829		84.231		12467
EPOCH: 6
/Users/hhullen/PROJECTS/CPP7_MLP-0/datasets/emnist-letters/emnist-letters-test.csv
LINES: 14801
PRECISION	RECALL		F-MEASURE	AVG-ACC		ANSS
5.102		80.000		9.592		84.758		12545
5.707		89.500		10.731		84.758		12545
5.739		90.000		10.791		84.758		12545
5.556		87.125		10.446		84.758		12545
5.755		90.250		10.821		84.758		12545
5.564		87.250		10.461		84.758		12545
4.145		65.000		7.793		84.758		12545
5.389		84.500		10.131		84.758		12545
4.552		71.375		8.558		84.758		12545
5.516		86.500		10.371		84.758		12545
5.699		89.375		10.716		84.758		12545
4.504		70.625		8.468		84.758		12545
6.026		94.500		11.330		84.758		12545
5.524		86.625		10.386		84.758		12545
5.963		93.500		11.210		84.758		12545
5.875		92.125		11.045		84.758		12545
4.823		75.625		9.067		84.758		12545
5.588		87.625		10.506		84.758		12545
2.973		93.250		5.763		84.758		12545
EPOCH: 7
/Users/hhullen/PROJECTS/CPP7_MLP-0/datasets/emnist-letters/emnist-letters-test.csv
LINES: 14801
PRECISION	RECALL		F-MEASURE	AVG-ACC		ANSS
5.109		80.250		9.606		84.906		12567
5.737		90.125		10.788		84.906		12567
5.785		90.875		10.878		84.906		12567
5.586		87.750		10.503		84.906		12567
5.745		90.250		10.803		84.906		12567
5.650		88.750		10.623		84.906		12567
4.416		69.375		8.304		84.906		12567
5.435		85.375		10.219		84.906		12567
4.384		68.875		8.244		84.906		12567
5.514		86.625		10.369		84.906		12567
5.594		87.875		10.518		84.906		12567
4.751		74.625		8.932		84.906		12567
6.024		94.625		11.326		84.906		12567
5.419		85.125		10.189		84.906		12567
6.087		95.625		11.446		84.906		12567
5.745		90.250		10.803		84.906		12567
4.496		70.625		8.454		84.906		12567
5.554		87.250		10.444		84.906		12567
2.968		93.250		5.753		84.906		12567
EPOCH: 8
/Users/hhullen/PROJECTS/CPP7_MLP-0/datasets/emnist-letters/emnist-letters-test.csv
LINES: 14801
PRECISION	RECALL		F-MEASURE	AVG-ACC		ANSS
4.977		77.750		9.355		84.440		12498
5.841		91.250		10.979		84.440		12498
5.801		90.625		10.904		84.440		12498
5.625		87.875		10.573		84.440		12498
5.841		91.250		10.979		84.440		12498
5.457		85.250		10.257		84.440		12498
4.297		67.125		8.076		84.440		12498
5.257		82.125		9.881		84.440		12498
4.225		66.000		7.941		84.440		12498
5.449		85.125		10.242		84.440		12498
5.721		89.375		10.753		84.440		12498
4.889		76.375		9.189		84.440		12498
6.145		96.000		11.551		84.440		12498
5.497		85.875		10.332		84.440		12498
6.057		94.625		11.385		84.440		12498
5.817		90.875		10.934		84.440		12498
4.569		71.375		8.588		84.440		12498
5.609		87.625		10.543		84.440		12498
2.928		91.500		5.675		84.440		12498
EPOCH: 9
/Users/hhullen/PROJECTS/CPP7_MLP-0/datasets/emnist-letters/emnist-letters-test.csv
LINES: 14801
PRECISION	RECALL		F-MEASURE	AVG-ACC		ANSS
4.872		76.000		9.157		84.319		12480
5.721		89.250		10.753		84.319		12480
5.809		90.625		10.919		84.319		12480
5.545		86.500		10.422		84.319		12480
5.833		91.000		10.964		84.319		12480
5.457		85.125		10.256		84.319		12480
4.511		70.375		8.479		84.319		12480
5.425		84.625		10.196		84.319		12480
4.191		65.375		7.877		84.319		12480
5.529		86.250		10.392		84.319		12480
5.761		89.875		10.828		84.319		12480
4.944		77.125		9.292		84.319		12480
6.098		95.125		11.461		84.319		12480
5.449		85.000		10.241		84.319		12480
6.114		95.375		11.491		84.319		12480
5.913		92.250		11.114		84.319		12480
4.207		65.625		7.907		84.319		12480
5.633		87.875		10.587		84.319		12480
2.989		93.250		5.792		84.319		12480
EPOCH: 10
/Users/hhullen/PROJECTS/CPP7_MLP-0/datasets/emnist-letters/emnist-letters-test.csv
LINES: 14801
PRECISION	RECALL		F-MEASURE	AVG-ACC		ANSS
5.269		82.625		9.906		84.758		12545
5.644		88.500		10.611		84.758		12545
5.731		89.875		10.776		84.758		12545
5.580		87.500		10.491		84.758		12545
5.811		91.125		10.925		84.758		12545
5.524		86.625		10.386		84.758		12545
4.145		65.000		7.793		84.758		12545
5.157		80.875		9.697		84.758		12545
4.113		64.500		7.733		84.758		12545
5.588		87.625		10.506		84.758		12545
5.548		87.000		10.431		84.758		12545
4.831		75.750		9.082		84.758		12545
6.106		95.750		11.480		84.758		12545
5.413		84.875		10.176		84.758		12545
6.050		94.875		11.375		84.758		12545
5.755		90.250		10.821		84.758		12545
5.006		78.500		9.412		84.758		12545
5.763		90.375		10.836		84.758		12545
2.965		93.000		5.747		84.758		12545
EPOCH: 11
/Users/hhullen/PROJECTS/CPP7_MLP-0/datasets/emnist-letters/emnist-letters-test.csv
LINES: 14801
PRECISION	RECALL		F-MEASURE	AVG-ACC		ANSS
4.918		76.875		9.245		84.481		12504
5.694		89.000		10.704		84.481		12504
5.790		90.500		10.884		84.481		12504
5.550		86.750		10.433		84.481		12504
5.838		91.250		10.974		84.481		12504
5.414		84.625		10.177		84.481		12504
4.399		68.750		8.268		84.481		12504
5.118		80.000		9.621		84.481		12504
4.375		68.375		8.223		84.481		12504
5.470		85.500		10.283		84.481		12504
5.814		90.875		10.929		84.481		12504
4.663		72.875		8.764		84.481		12504
6.062		94.750		11.395		84.481		12504
5.558		86.875		10.448		84.481		12504
6.086		95.125		11.440		84.481		12504
5.910		92.375		11.109		84.481		12504
4.734		74.000		8.900		84.481		12504
5.646		88.250		10.613		84.481		12504
2.959		92.500		5.735		84.481		12504
EPOCH: 12
/Users/hhullen/PROJECTS/CPP7_MLP-0/datasets/emnist-letters/emnist-letters-test.csv
LINES: 14801
PRECISION	RECALL		F-MEASURE	AVG-ACC		ANSS
5.215		81.875		9.805		84.866		12561
5.652		88.750		10.628		84.866		12561
5.732		90.000		10.778		84.866		12561
5.605		88.000		10.538		84.866		12561
5.756		90.375		10.823		84.866		12561
5.501		86.375		10.344		84.866		12561
4.299		67.500		8.083		84.866		12561
5.445		85.500		10.239		84.866		12561
4.084		64.125		7.679		84.866		12561
5.469		85.875		10.284		84.866		12561
5.589		87.750		10.508		84.866		12561
4.904		77.000		9.221		84.866		12561
5.939		93.250		11.167		84.866		12561
5.573		87.500		10.478		84.866		12561
6.066		95.250		11.406		84.866		12561
5.788		90.875		10.882		84.866		12561
4.856		76.250		9.131		84.866		12561
5.605		88.000		10.538		84.866		12561
2.922		91.750		5.663		84.866		12561
EPOCH: 13
/Users/hhullen/PROJECTS/CPP7_MLP-0/datasets/emnist-letters/emnist-letters-test.csv
LINES: 14801
PRECISION	RECALL		F-MEASURE	AVG-ACC		ANSS
4.790		75.125		9.006		84.771		12547
5.571		87.375		10.474		84.771		12547
5.786		90.750		10.879		84.771		12547
5.587		87.625		10.504		84.771		12547
5.794		90.875		10.894		84.771		12547
5.475		85.875		10.294		84.771		12547
4.192		65.750		7.882		84.771		12547
5.396		84.625		10.145		84.771		12547
4.495		70.500		8.451		84.771		12547
5.467		85.750		10.279		84.771		12547
5.722		89.750		10.759		84.771		12547
4.734		74.250		8.901		84.771		12547
6.065		95.125		11.403		84.771		12547
5.523		86.625		10.384		84.771		12547
6.057		95.000		11.388		84.771		12547
5.906		92.625		11.104		84.771		12547
4.902		76.875		9.216		84.771		12547
5.611		88.000		10.549		84.771		12547
2.925		91.750		5.669		84.771		12547
EPOCH: 14
/Users/hhullen/PROJECTS/CPP7_MLP-0/datasets/emnist-letters/emnist-letters-test.csv
LINES: 14801
PRECISION	RECALL		F-MEASURE	AVG-ACC		ANSS
5.061		79.375		9.516		84.765		12546
5.643		88.500		10.610		84.765		12546
5.683		89.125		10.685		84.765		12546
5.635		88.375		10.595		84.765		12546
5.811		91.125		10.925		84.765		12546
5.500		86.250		10.340		84.765		12546
4.025		63.125		7.568		84.765		12546
5.332		83.625		10.025		84.765		12546
4.280		67.125		8.047		84.765		12546
5.396		84.625		10.145		84.765		12546
5.827		91.375		10.955		84.765		12546
4.727		74.125		8.887		84.765		12546
5.994		94.000		11.269		84.765		12546
5.404		84.750		10.160		84.765		12546
6.066		95.125		11.404		84.765		12546
5.874		92.125		11.045		84.765		12546
5.125		80.375		9.636		84.765		12546
5.619		88.125		10.565		84.765		12546
2.997		94.000		5.809		84.765		12546
EPOCH: 15
/Users/hhullen/PROJECTS/CPP7_MLP-0/datasets/emnist-letters/emnist-letters-test.csv
LINES: 14801
PRECISION	RECALL		F-MEASURE	AVG-ACC		ANSS
5.115		80.375		9.618		84.933		12571
5.600		88.000		10.530		84.933		12571
5.879		92.375		11.054		84.933		12571
5.521		86.750		10.381		84.933		12571
5.656		88.875		10.635		84.933		12571
5.521		86.750		10.381		84.933		12571
4.327		68.000		8.137		84.933		12571
5.370		84.375		10.096		84.933		12571
4.224		66.375		7.943		84.933		12571
5.743		90.250		10.799		84.933		12571
5.560		87.375		10.455		84.933		12571
4.813		75.625		9.049		84.933		12571
6.046		95.000		11.368		84.933		12571
5.560		87.375		10.455		84.933		12571
6.006		94.375		11.293		84.933		12571
5.910		92.875		11.114		84.933		12571
4.749		74.625		8.930		84.933		12571
5.513		86.625		10.366		84.933		12571
2.888		90.750		5.597		84.933		12571
EPOCH: 16
/Users/hhullen/PROJECTS/CPP7_MLP-0/datasets/emnist-letters/emnist-letters-test.csv
LINES: 14801
PRECISION	RECALL		F-MEASURE	AVG-ACC		ANSS
5.150		81.000		9.685		85.008		12582
5.691		89.500		10.701		85.008		12582
5.762		90.625		10.835		85.008		12582
5.540		87.125		10.417		85.008		12582
5.667		89.125		10.656		85.008		12582
5.579		87.750		10.492		85.008		12582
4.157		65.375		7.816		85.008		12582
5.468		86.000		10.282		85.008		12582
4.252		66.875		7.996		85.008		12582
5.405		85.000		10.163		85.008		12582
5.659		89.000		10.641		85.008		12582
4.673		73.500		8.788		85.008		12582
6.032		94.875		11.344		85.008		12582
5.492		86.375		10.327		85.008		12582
6.017		94.625		11.314		85.008		12582
5.969		93.875		11.224		85.008		12582
4.848		76.250		9.117		85.008		12582
5.683		89.375		10.686		85.008		12582
2.957		93.000		5.731		85.008		12582
EPOCH: 17
/Users/hhullen/PROJECTS/CPP7_MLP-0/datasets/emnist-letters/emnist-letters-test.csv
LINES: 14801
PRECISION	RECALL		F-MEASURE	AVG-ACC		ANSS
4.939		77.625		9.287		84.954		12574
5.631		88.500		10.588		84.954		12574
5.734		90.125		10.782		84.954		12574
5.551		87.250		10.438		84.954		12574
5.742		90.250		10.797		84.954		12574
5.480		86.125		10.304		84.954		12574
4.509		70.875		8.479		84.954		12574
5.535		87.000		10.408		84.954		12574
4.613		72.500		8.674		84.954		12574
5.432		85.375		10.214		84.954		12574
5.718		89.875		10.752		84.954		12574
4.303		67.625		8.090		84.954		12574
6.020		94.625		11.320		84.954		12574
5.408		85.000		10.169		84.954		12574
6.068		95.375		11.410		84.954		12574
5.925		93.125		11.141		84.954		12574
4.812		75.625		9.047		84.954		12574
5.647		88.750		10.618		84.954		12574
2.935		92.250		5.688		84.954		12574
EPOCH: 18
/Users/hhullen/PROJECTS/CPP7_MLP-0/datasets/emnist-letters/emnist-letters-test.csv
LINES: 14801
PRECISION	RECALL		F-MEASURE	AVG-ACC		ANSS
5.191		81.500		9.760		84.866		12561
5.613		88.125		10.553		84.866		12561
5.692		89.375		10.703		84.866		12561
5.509		86.500		10.359		84.866		12561
5.867		92.125		11.032		84.866		12561
5.668		89.000		10.658		84.866		12561
4.124		64.750		7.754		84.866		12561
5.469		85.875		10.284		84.866		12561
4.339		68.125		8.158		84.866		12561
5.453		85.625		10.254		84.866		12561
5.613		88.125		10.553		84.866		12561
4.625		72.625		8.697		84.866		12561
6.027		94.625		11.331		84.866		12561
5.445		85.500		10.239		84.866		12561
6.122		96.125		11.511		84.866		12561
5.867		92.125		11.032		84.866		12561
4.809		75.500		9.041		84.866		12561
5.644		88.625		10.613		84.866		12561
2.922		91.750		5.663		84.866		12561
EPOCH: 19
/Users/hhullen/PROJECTS/CPP7_MLP-0/datasets/emnist-letters/emnist-letters-test.csv
LINES: 14801
PRECISION	RECALL		F-MEASURE	AVG-ACC		ANSS
5.117		80.625		9.623		85.163		12605
5.593		88.125		10.518		85.163		12605
5.783		91.125		10.877		85.163		12605
5.522		87.000		10.384		85.163		12605
5.704		89.875		10.727		85.163		12605
5.537		87.250		10.414		85.163		12605
4.268		67.250		8.027		85.163		12605
5.379		84.750		10.116		85.163		12605
4.395		69.250		8.266		85.163		12605
5.601		88.250		10.533		85.163		12605
5.617		88.500		10.563		85.163		12605
4.585		72.250		8.624		85.163		12605
5.974		94.125		11.235		85.163		12605
5.474		86.250		10.295		85.163		12605
6.069		95.625		11.414		85.163		12605
5.871		92.500		11.041		85.163		12605
4.927		77.625		9.265		85.163		12605
5.617		88.500		10.563		85.163		12605
2.967		93.500		5.752		85.163		12605
EPOCH: 20
/Users/hhullen/PROJECTS/CPP7_MLP-0/datasets/emnist-letters/emnist-letters-test.csv
LINES: 14801
PRECISION	RECALL		F-MEASURE	AVG-ACC		ANSS
5.184		81.500		9.747		84.981		12578
5.653		88.875		10.629		84.981		12578
5.629		88.500		10.585		84.981		12578
5.573		87.625		10.480		84.981		12578
5.875		92.375		11.048		84.981		12578
5.565		87.500		10.465		84.981		12578
4.166		65.500		7.834		84.981		12578
5.502		86.500		10.345		84.981		12578
4.524		71.125		8.507		84.981		12578
5.533		87.000		10.405		84.981		12578
5.629		88.500		10.585		84.981		12578
4.484		70.500		8.432		84.981		12578
6.010		94.500		11.302		84.981		12578
5.398		84.875		10.151		84.981		12578
6.122		96.250		11.511		84.981		12578
5.907		92.875		11.108		84.981		12578
4.730		74.375		8.895		84.981		12578
5.549		87.250		10.435		84.981		12578
2.965		93.250		5.748		84.981		12578
EPOCH: 21
/Users/hhullen/PROJECTS/CPP7_MLP-0/datasets/emnist-letters/emnist-letters-test.csv
LINES: 14801
PRECISION	RECALL		F-MEASURE	AVG-ACC		ANSS
5.338		84.125		10.039		85.183		12608
5.528		87.125		10.397		85.183		12608
5.734		90.375		10.785		85.183		12608
5.512		86.875		10.367		85.183		12608
5.695		89.750		10.710		85.183		12608
5.631		88.750		10.591		85.183		12608
4.410		69.500		8.294		85.183		12608
5.465		86.125		10.277		85.183		12608
4.227		66.625		7.950		85.183		12608
5.608		88.375		10.546		85.183		12608
5.449		85.875		10.248		85.183		12608
4.640		73.125		8.726		85.183		12608
6.060		95.500		11.396		85.183		12608
5.385		84.875		10.128		85.183		12608
6.060		95.500		11.396		85.183		12608
5.964		94.000		11.217		85.183		12608
4.783		75.375		8.995		85.183		12608
5.576		87.875		10.486		85.183		12608
2.935		92.500		5.689		85.183		12608
EPOCH: 22
/Users/hhullen/PROJECTS/CPP7_MLP-0/datasets/emnist-letters/emnist-letters-test.csv
LINES: 14801
PRECISION	RECALL		F-MEASURE	AVG-ACC		ANSS
5.198		81.375		9.773		84.609		12523
5.686		89.000		10.688		84.609		12523
5.781		90.500		10.868		84.609		12523
5.582		87.375		10.493		84.609		12523
5.789		90.625		10.883		84.609		12523
5.478		85.750		10.298		84.609		12523
4.400		68.875		8.271		84.609		12523
5.382		84.250		10.118		84.609		12523
4.304		67.375		8.091		84.609		12523
5.398		84.500		10.148		84.609		12523
5.686		89.000		10.688		84.609		12523
4.727		74.000		8.887		84.609		12523
5.965		93.375		11.214		84.609		12523
5.382		84.250		10.118		84.609		12523
6.013		94.125		11.304		84.609		12523
5.925		92.750		11.139		84.609		12523
4.751		74.375		8.932		84.609		12523
5.598		87.625		10.523		84.609		12523
2.955		92.500		5.726		84.609		12523
EPOCH: 23
/Users/hhullen/PROJECTS/CPP7_MLP-0/datasets/emnist-letters/emnist-letters-test.csv
LINES: 14801
PRECISION	RECALL		F-MEASURE	AVG-ACC		ANSS
5.204		81.625		9.784		84.785		12549
5.626		88.250		10.578		84.785		12549
5.730		89.875		10.772		84.785		12549
5.562		87.250		10.458		84.785		12549
5.809		91.125		10.922		84.785		12549
5.522		86.625		10.383		84.785		12549
4.423		69.375		8.315		84.785		12549
5.483		86.000		10.308		84.785		12549
4.614		72.375		8.675		84.785		12549
5.435		85.250		10.218		84.785		12549
5.530		86.750		10.398		84.785		12549
4.303		67.500		8.090		84.785		12549
5.993		94.000		11.267		84.785		12549
5.220		81.875		9.813		84.785		12549
6.008		94.250		11.297		84.785		12549
5.937		93.125		11.162		84.785		12549
4.980		78.125		9.364		84.785		12549
5.658		88.750		10.638		84.785		12549
2.964		93.000		5.746		84.785		12549
EPOCH: 24
/Users/hhullen/PROJECTS/CPP7_MLP-0/datasets/emnist-letters/emnist-letters-test.csv
LINES: 14801
PRECISION	RECALL		F-MEASURE	AVG-ACC		ANSS
5.270		82.750		9.909		84.866		12561
5.485		86.125		10.314		84.866		12561
5.636		88.500		10.598		84.866		12561
5.501		86.375		10.344		84.866		12561
5.820		91.375		10.942		84.866		12561
5.469		85.875		10.284		84.866		12561
4.323		67.875		8.128		84.866		12561
5.613		88.125		10.553		84.866		12561
4.347		68.250		8.173		84.866		12561
5.382		84.500		10.119		84.866		12561
5.453		85.625		10.254		84.866		12561
4.506		70.750		8.472		84.866		12561
6.019		94.500		11.317		84.866		12561
5.406		84.875		10.164		84.866		12561
6.066		95.250		11.406		84.866		12561
6.066		95.250		11.406		84.866		12561
5.039		79.125		9.475		84.866		12561
5.660		88.875		10.643		84.866		12561
2.938		92.250		5.694		84.866		12561
EPOCH: 25
/Users/hhullen/PROJECTS/CPP7_MLP-0/datasets/emnist-letters/emnist-letters-test.csv
LINES: 14801
PRECISION	RECALL		F-MEASURE	AVG-ACC		ANSS
5.256		82.625		9.883		84.974		12577
5.526		86.875		10.391		84.974		12577
5.717		89.875		10.750		84.974		12577
5.534		87.000		10.406		84.974		12577
5.788		91.000		10.884		84.974		12577
5.550		87.250		10.436		84.974		12577
3.968		62.375		7.461		84.974		12577
5.534		87.000		10.406		84.974		12577
4.421		69.500		8.313		84.974		12577
5.383		84.625		10.122		84.974		12577
5.526		86.875		10.391		84.974		12577
4.492		70.625		8.447		84.974		12577
5.924		93.125		11.139		84.974		12577
5.510		86.625		10.361		84.974		12577
6.067		95.375		11.408		84.974		12577
5.852		92.000		11.004		84.974		12577
5.319		83.625		10.002		84.974		12577
5.621		88.375		10.570		84.974		12577
3.013		94.750		5.841		84.974		12577
EPOCH: 26
/Users/hhullen/PROJECTS/CPP7_MLP-0/datasets/emnist-letters/emnist-letters-test.csv
LINES: 14801
PRECISION	RECALL		F-MEASURE	AVG-ACC		ANSS
5.202		81.750		9.782		84.933		12571
5.680		89.250		10.680		84.933		12571
5.767		90.625		10.844		84.933		12571
5.632		88.500		10.590		84.933		12571
5.735		90.125		10.785		84.933		12571
5.624		88.375		10.575		84.933		12571
4.439		69.750		8.346		84.933		12571
5.409		85.000		10.171		84.933		12571
4.518		71.000		8.496		84.933		12571
5.513		86.625		10.366		84.933		12571
5.465		85.875		10.276		84.933		12571
4.359		68.500		8.197		84.933		12571
5.990		94.125		11.263		84.933		12571
5.449		85.625		10.246		84.933		12571
6.070		95.375		11.413		84.933		12571
5.902		92.750		11.099		84.933		12571
4.646		73.000		8.735		84.933		12571
5.640		88.625		10.605		84.933		12571
2.959		93.000		5.736		84.933		12571
EPOCH: 27
/Users/hhullen/PROJECTS/CPP7_MLP-0/datasets/emnist-letters/emnist-letters-test.csv
LINES: 14801
PRECISION	RECALL		F-MEASURE	AVG-ACC		ANSS
5.392		84.500		10.137		84.704		12537
5.631		88.250		10.587		84.704		12537
5.719		89.625		10.752		84.704		12537
5.599		87.750		10.527		84.704		12537
5.791		90.750		10.887		84.704		12537
5.448		85.375		10.242		84.704		12537
4.116		64.500		7.738		84.704		12537
5.528		86.625		10.392		84.704		12537
4.650		72.875		8.743		84.704		12537
5.392		84.500		10.137		84.704		12537
5.671		88.875		10.662		84.704		12537
4.299		67.375		8.083		84.704		12537
6.046		94.750		11.367		84.704		12537
5.344		83.750		10.047		84.704		12537
6.014		94.250		11.307		84.704		12537
5.942		93.125		11.172		84.704		12537
4.898		76.750		9.207		84.704		12537
5.528		86.625		10.392		84.704		12537
2.991		93.750		5.797		84.704		12537
EPOCH: 28
/Users/hhullen/PROJECTS/CPP7_MLP-0/datasets/emnist-letters/emnist-letters-test.csv
LINES: 14801
PRECISION	RECALL		F-MEASURE	AVG-ACC		ANSS
5.229		81.875		9.830		84.636		12527
5.684		89.000		10.685		84.636		12527
5.700		89.250		10.715		84.636		12527
5.716		89.500		10.745		84.636		12527
5.875		92.000		11.045		84.636		12527
5.532		86.625		10.400		84.636		12527
4.462		69.875		8.389		84.636		12527
5.492		86.000		10.325		84.636		12527
4.367		68.375		8.209		84.636		12527
5.588		87.500		10.505		84.636		12527
5.436		85.125		10.220		84.636		12527
4.478		70.125		8.419		84.636		12527
6.067		95.000		11.405		84.636		12527
5.269		82.500		9.905		84.636		12527
6.067		95.000		11.405		84.636		12527
6.011		94.125		11.300		84.636		12527
4.566		71.500		8.584		84.636		12527
5.484		85.875		10.310		84.636		12527
2.