/Users/hhullen/PROJECTS/CPP7_MLP-0/datasets/emnist-letters/emnist-letters-train.csv
LINES: 88801
TESTING: 88801 1
EPOCH: 0
/Users/hhullen/PROJECTS/CPP7_MLP-0/datasets/emnist-letters/emnist-letters-test.csv
LINES: 14801
PRECISION	RECALL		F-MEASURE	AVG-ACC		ANSS
5.721		46.024		10.177		67.671		10016
5.861		71.760		10.836		67.671		10016
6.420		83.615		11.924		67.671		10016
4.613		73.920		8.683		67.671		10016
5.891		81.379		10.986		67.671		10016
5.142		86.993		9.710		67.671		10016
3.864		64.933		7.294		67.671		10016
4.802		72.879		9.011		67.671		10016
4.902		66.441		9.131		67.671		10016
5.491		83.714		10.306		67.671		10016
4.712		74.684		8.866		67.671		10016
4.463		63.136		8.336		67.671		10016
7.099		81.630		13.061		67.671		10016
4.643		77.759		8.762		67.671		10016
6.909		78.815		12.704		67.671		10016
7.099		69.029		12.873		67.671		10016
4.912		55.468		9.025		67.671		10016
4.213		87.917		8.041		67.671		10016
3.245		79.853		6.236		67.671		10016
EPOCH: 1
/Users/hhullen/PROJECTS/CPP7_MLP-0/datasets/emnist-letters/emnist-letters-test.csv
LINES: 14801
PRECISION	RECALL		F-MEASURE	AVG-ACC		ANSS
5.718		55.408		10.366		73.853		10931
6.001		78.282		11.148		73.853		10931
6.038		88.710		11.306		73.853		10931
4.519		79.167		8.550		73.853		10931
5.873		82.519		10.966		73.853		10931
5.352		90.980		10.109		73.853		10931
3.623		78.728		6.927		73.853		10931
5.114		77.531		9.595		73.853		10931
4.528		68.560		8.496		73.853		10931
5.553		86.222		10.434		73.853		10931
5.535		74.507		10.304		73.853		10931
4.876		66.625		9.087		73.853		10931
6.633		86.619		12.322		73.853		10931
4.931		80.328		9.292		73.853		10931
6.541		82.947		12.126		73.853		10931
6.468		81.078		11.980		73.853		10931
5.032		62.785		9.317		73.853		10931
4.510		86.189		8.572		73.853		10931
3.156		79.128		6.070		73.853		10931
EPOCH: 2
/Users/hhullen/PROJECTS/CPP7_MLP-0/datasets/emnist-letters/emnist-letters-test.csv
LINES: 14801
PRECISION	RECALL		F-MEASURE	AVG-ACC		ANSS
5.701		57.857		10.379		76.799		11367
5.982		80.189		11.134		76.799		11367
5.982		89.828		11.217		76.799		11367
4.504		78.528		8.520		76.799		11367
5.947		84.184		11.109		76.799		11367
5.410		91.791		10.218		76.799		11367
3.818		82.667		7.299		76.799		11367
5.314		79.474		9.961		76.799		11367
4.364		70.455		8.218		76.799		11367
5.534		88.219		10.414		76.799		11367
5.666		79.408		10.576		76.799		11367
4.944		68.370		9.221		76.799		11367
6.448		86.746		12.005		76.799		11367
5.261		80.702		9.878		76.799		11367
6.317		85.680		11.766		76.799		11367
6.264		87.148		11.687		76.799		11367
4.830		68.625		9.024		76.799		11367
4.592		84.740		8.712		76.799		11367
3.123		80.866		6.014		76.799		11367
EPOCH: 3
/Users/hhullen/PROJECTS/CPP7_MLP-0/datasets/emnist-letters/emnist-letters-test.csv
LINES: 14801
PRECISION	RECALL		F-MEASURE	AVG-ACC		ANSS
5.651		62.193		10.361		78.664		11643
6.021		80.947		11.208		78.664		11643
5.901		91.968		11.090		78.664		11643
4.406		81.558		8.360		78.664		11643
5.926		85.502		11.084		78.664		11643
5.377		93.016		10.166		78.664		11643
3.848		84.211		7.359		78.664		11643
5.394		79.193		10.100		78.664		11643
4.105		74.688		7.783		78.664		11643
5.591		87.149		10.508		78.664		11643
5.634		84.536		10.564		78.664		11643
5.170		68.800		9.618		78.664		11643
6.321		88.675		11.801		78.664		11643
5.248		83.129		9.872		78.664		11643
6.356		85.450		11.831		78.664		11643
6.115		89.223		11.446		78.664		11643
4.793		70.366		8.974		78.664		11643
5.076		86.152		9.587		78.664		11643
3.066		82.448		5.913		78.664		11643
EPOCH: 4
/Users/hhullen/PROJECTS/CPP7_MLP-0/datasets/emnist-letters/emnist-letters-test.csv
LINES: 14801
PRECISION	RECALL		F-MEASURE	AVG-ACC		ANSS
5.523		67.772		10.214		80.001		11841
5.971		80.524		11.117		80.001		11841
5.793		93.207		10.909		80.001		11841
4.324		82.315		8.216		80.001		11841
5.912		85.995		11.063		80.001		11841
5.413		92.764		10.230		80.001		11841
3.902		84.461		7.459		80.001		11841
5.456		79.950		10.214		80.001		11841
4.062		76.228		7.713		80.001		11841
5.591		87.682		10.511		80.001		11841
5.591		87.335		10.509		80.001		11841
5.185		69.144		9.647		80.001		11841
6.207		90.184		11.615		80.001		11841
5.430		84.052		10.201		80.001		11841
6.309		83.185		11.728		80.001		11841
6.089		90.125		11.407		80.001		11841
4.932		69.441		9.210		80.001		11841
5.287		87.798		9.973		80.001		11841
3.023		82.679		5.833		80.001		11841
EPOCH: 5
/Users/hhullen/PROJECTS/CPP7_MLP-0/datasets/emnist-letters/emnist-letters-test.csv
LINES: 14801
PRECISION	RECALL		F-MEASURE	AVG-ACC		ANSS
5.464		70.323		10.140		80.866		11969
6.007		77.146		11.146		80.866		11969
5.798		94.038		10.923		80.866		11969
4.294		83.037		8.167		80.866		11969
5.924		85.319		11.078		80.866		11969
5.464		93.295		10.324		80.866		11969
3.960		83.746		7.563		80.866		11969
5.481		80.098		10.260		80.866		11969
4.069		76.693		7.728		80.866		11969
5.564		88.919		10.473		80.866		11969
5.589		89.919		10.525		80.866		11969
5.172		69.865		9.630		80.866		11969
6.149		90.640		11.517		80.866		11969
5.397		85.676		10.155		80.866		11969
6.275		83.817		11.675		80.866		11969
6.082		91.114		11.404		80.866		11969
5.030		69.195		9.378		80.866		11969
5.297		89.548		10.002		80.866		11969
2.983		85.407		5.764		80.866		11969
EPOCH: 6
/Users/hhullen/PROJECTS/CPP7_MLP-0/datasets/emnist-letters/emnist-letters-test.csv
LINES: 14801
PRECISION	RECALL		F-MEASURE	AVG-ACC		ANSS
5.410		74.318		10.086		81.670		12088
6.014		77.837		11.166		81.670		12088
5.725		93.767		10.791		81.670		12088
4.583		84.709		8.696		81.670		12088
5.940		84.570		11.100		81.670		12088
5.485		93.249		10.360		81.670		12088
3.946		83.538		7.536		81.670		12088
5.576		80.526		10.429		81.670		12088
4.037		76.489		7.669		81.670		12088
5.551		89.946		10.457		81.670		12088
5.551		91.045		10.464		81.670		12088
5.104		69.955		9.514		81.670		12088
6.097		92.125		11.437		81.670		12088
5.352		87.432		10.087		81.670		12088
6.205		85.324		11.568		81.670		12088
6.023		91.572		11.302		81.670		12088
5.121		69.085		9.535		81.670		12088
5.319		89.182		10.040		81.670		12088
2.962		86.683		5.728		81.670		12088
EPOCH: 7
/Users/hhullen/PROJECTS/CPP7_MLP-0/datasets/emnist-letters/emnist-letters-test.csv
LINES: 14801
PRECISION	RECALL		F-MEASURE	AVG-ACC		ANSS
5.216		76.840		9.768		82.515		12213
5.985		79.716		11.135		82.515		12213
5.723		94.587		10.794		82.515		12213
5.453		78.630		10.199		82.515		12213
5.904		85.325		11.043		82.515		12213
5.486		92.926		10.360		82.515		12213
3.799		84.982		7.273		82.515		12213
5.420		82.134		10.170		82.515		12213
4.143		77.370		7.865		82.515		12213
5.388		91.010		10.173		82.515		12213
5.535		91.228		10.437		82.515		12213
5.027		70.656		9.387		82.515		12213
6.043		92.597		11.345		82.515		12213
5.363		88.275		10.112		82.515		12213
6.075		90.049		11.383		82.515		12213
5.977		91.824		11.224		82.515		12213
5.224		66.876		9.691		82.515		12213
5.330		90.417		10.067		82.515		12213
2.907		90.102		5.632		82.515		12213
EPOCH: 8
/Users/hhullen/PROJECTS/CPP7_MLP-0/datasets/emnist-letters/emnist-letters-test.csv
LINES: 14801
PRECISION	RECALL		F-MEASURE	AVG-ACC		ANSS
5.126		79.393		9.630		82.778		12252
5.966		81.676		11.120		82.778		12252
5.754		93.875		10.844		82.778		12252
5.632		77.095		10.497		82.778		12252
5.926		86.223		11.089		82.778		12252
5.468		93.575		10.333		82.778		12252
3.697		87.283		7.094		82.778		12252
5.371		82.872		10.087		82.778		12252
4.293		76.232		8.129		82.778		12252
5.362		92.017		10.134		82.778		12252
5.509		91.093		10.390		82.778		12252
4.897		71.259		9.165		82.778		12252
5.983		93.020		11.242		82.778		12252
5.387		87.533		10.149		82.778		12252
5.991		90.506		11.238		82.778		12252
5.975		92.075		11.221		82.778		12252
5.387		65.606		9.956		82.778		12252
5.354		89.617		10.105		82.778		12252
2.922		90.176		5.661		82.778		12252
EPOCH: 9
/Users/hhullen/PROJECTS/CPP7_MLP-0/datasets/emnist-letters/emnist-letters-test.csv
LINES: 14801
PRECISION	RECALL		F-MEASURE	AVG-ACC		ANSS
5.069		81.462		9.544		83.170		12310
5.922		83.314		11.058		83.170		12310
5.711		94.236		10.769		83.170		12310
5.800		76.774		10.785		83.170		12310
5.881		85.884		11.009		83.170		12310
5.402		94.595		10.221		83.170		12310
3.623		88.142		6.960		83.170		12310
5.240		84.868		9.870		83.170		12310
4.460		75.309		8.421		83.170		12310
5.361		92.958		10.138		83.170		12310
5.491		92.098		10.365		83.170		12310
4.817		72.053		9.031		83.170		12310
5.963		93.503		11.210		83.170		12310
5.459		87.047		10.274		83.170		12310
6.011		90.024		11.270		83.170		12310
6.036		91.278		11.323		83.170		12310
5.370		66.232		9.934		83.170		12310
5.451		89.467		10.276		83.170		12310
2.933		88.916		5.678		83.170		12310
EPOCH: 10
/Users/hhullen/PROJECTS/CPP7_MLP-0/datasets/emnist-letters/emnist-letters-test.csv
LINES: 14801
PRECISION	RECALL		F-MEASURE	AVG-ACC		ANSS
5.065		82.237		9.543		83.366		12339
5.876		84.302		10.986		83.366		12339
5.730		94.016		10.801		83.366		12339
5.787		76.857		10.763		83.366		12339
5.868		85.884		10.985		83.366		12339
5.414		95.021		10.244		83.366		12339
3.655		88.258		7.019		83.366		12339
5.252		85.263		9.894		83.366		12339
4.514		74.366		8.512		83.366		12339
5.422		92.788		10.245		83.366		12339
5.462		93.094		10.319		83.366		12339
4.757		72.469		8.928		83.366		12339
5.973		93.647		11.230		83.366		12339
5.438		87.143		10.237		83.366		12339
6.086		88.876		11.393		83.366		12339
6.005		91.144		11.268		83.366		12339
5.308		66.229		9.829		83.366		12339
5.446		90.080		10.271		83.366		12339
2.942		88.537		5.695		83.366		12339
EPOCH: 11
/Users/hhullen/PROJECTS/CPP7_MLP-0/datasets/emnist-letters/emnist-letters-test.csv
LINES: 14801
PRECISION	RECALL		F-MEASURE	AVG-ACC		ANSS
5.064		82.176		9.540		83.650		12381
5.848		85.884		10.950		83.650		12381
5.710		93.642		10.764		83.650		12381
5.783		78.423		10.772		83.650		12381
5.888		86.068		11.022		83.650		12381
5.403		95.164		10.226		83.650		12381
3.602		88.668		6.923		83.650		12381
5.379		84.625		10.115		83.650		12381
4.588		74.443		8.643		83.650		12381
5.460		92.857		10.314		83.650		12381
5.371		94.595		10.165		83.650		12381
4.749		72.772		8.917		83.650		12381
5.977		93.552		11.236		83.650		12381
5.395		89.067		10.174		83.650		12381
6.098		88.511		11.410		83.650		12381
5.993		91.492		11.249		83.650		12381
5.282		64.945		9.770		83.650		12381
5.452		90.361		10.283		83.650		12381
2.956		88.193		5.721		83.650		12381
EPOCH: 12
/Users/hhullen/PROJECTS/CPP7_MLP-0/datasets/emnist-letters/emnist-letters-test.csv
LINES: 14801
PRECISION	RECALL		F-MEASURE	AVG-ACC		ANSS
5.112		81.596		9.621		83.792		12402
5.806		86.331		10.879		83.792		12402
5.701		94.393		10.752		83.792		12402
5.773		78.595		10.756		83.792		12402
5.886		86.595		11.023		83.792		12402
5.427		95.056		10.267		83.792		12402
3.596		88.492		6.912		83.792		12402
5.475		83.931		10.279		83.792		12402
4.628		74.065		8.712		83.792		12402
5.443		93.361		10.286		83.792		12402
5.346		94.986		10.122		83.792		12402
4.725		72.886		8.875		83.792		12402
5.959		93.663		11.205		83.792		12402
5.362		90.476		10.124		83.792		12402
6.104		87.514		11.412		83.792		12402
5.991		91.278		11.244		83.792		12402
5.273		65.335		9.759		83.792		12402
5.459		90.872		10.299		83.792		12402
2.935		88.136		5.681		83.792		12402
EPOCH: 13
/Users/hhullen/PROJECTS/CPP7_MLP-0/datasets/emnist-letters/emnist-letters-test.csv
LINES: 14801
PRECISION	RECALL		F-MEASURE	AVG-ACC		ANSS
5.145		81.737		9.681		84.042		12439
5.812		86.691		10.894		84.042		12439
5.668		94.631		10.695		84.042		12439
5.756		78.595		10.727		84.042		12439
5.869		87.008		10.996		84.042		12439
5.426		95.205		10.268		84.042		12439
3.602		89.421		6.924		84.042		12439
5.483		83.990		10.294		84.042		12439
4.615		74.160		8.688		84.042		12439
5.443		93.897		10.289		84.042		12439
5.354		95.415		10.139		84.042		12439
4.735		73.077		8.894		84.042		12439
5.949		94.028		11.190		84.042		12439
5.314		90.922		10.041		84.042		12439
6.110		87.156		11.419		84.042		12439
6.005		90.545		11.264		84.042		12439
5.282		65.308		9.773		84.042		12439
5.491		90.824		10.356		84.042		12439
2.942		89.051		5.696		84.042		12439
EPOCH: 14
/Users/hhullen/PROJECTS/CPP7_MLP-0/datasets/emnist-letters/emnist-letters-test.csv
LINES: 14801
PRECISION	RECALL		F-MEASURE	AVG-ACC		ANSS
5.157		82.330		9.706		84.244		12469
5.814		87.035		10.901		84.244		12469
5.646		94.751		10.657		84.244		12469
5.734		79.444		10.696		84.244		12469
5.846		86.993		10.957		84.244		12469
5.446		94.965		10.300		84.244		12469
3.609		90.543		6.941		84.244		12469
5.486		83.926		10.298		84.244		12469
4.627		73.974		8.710		84.244		12469
5.446		94.044		10.295		84.244		12469
5.349		95.422		10.131		84.244		12469
4.724		73.077		8.874		84.244		12469
5.927		94.381		11.153		84.244		12469
5.293		91.413		10.007		84.244		12469
6.103		86.773		11.404		84.244		12469
6.023		90.156		11.292		84.244		12469
5.333		66.367		9.873		84.244		12469
5.494		90.013		10.355		84.244		12469
2.943		89.512		5.699		84.244		12469
EPOCH: 15
/Users/hhullen/PROJECTS/CPP7_MLP-0/datasets/emnist-letters/emnist-letters-test.csv
LINES: 14801
PRECISION	RECALL		F-MEASURE	AVG-ACC		ANSS
5.118		82.536		9.638		84.224		12466
5.840		86.564		10.942		84.224		12466
5.639		94.616		10.644		84.224		12466
5.728		79.777		10.688		84.224		12466
5.856		87.530		10.977		84.224		12466
5.455		94.972		10.317		84.224		12466
3.530		91.476		6.797		84.224		12466
5.503		83.354		10.324		84.224		12466
4.645		74.041		8.741		84.224		12466
5.471		94.329		10.342		84.224		12466
5.367		95.571		10.163		84.224		12466
4.749		73.358		8.920		84.224		12466
5.936		94.629		11.171		84.224		12466
5.230		92.221		9.899		84.224		12466
6.089		86.942		11.380		84.224		12466
6.040		89.857		11.320		84.224		12466
5.375		65.558		9.935		84.224		12466
5.487		89.882		10.342		84.224		12466
2.944		89.731		5.701		84.224		12466
EPOCH: 16
/Users/hhullen/PROJECTS/CPP7_MLP-0/datasets/emnist-letters/emnist-letters-test.csv
LINES: 14801
PRECISION	RECALL		F-MEASURE	AVG-ACC		ANSS
5.083		82.552		9.577		84.265		12472
5.845		85.263		10.940		84.265		12472
5.645		94.497		10.653		84.265		12472
5.693		79.686		10.626		84.265		12472
5.861		87.650		10.988		84.265		12472
5.468		95.518		10.344		84.265		12472
3.544		90.947		6.822		84.265		12472
5.540		83.859		10.394		84.265		12472
4.650		73.885		8.750		84.265		12472
5.476		94.207		10.351		84.265		12472
5.388		95.319		10.200		84.265		12472
4.731		73.201		8.887		84.265		12472
5.941		94.878		11.182		84.265		12472
5.236		93.286		9.915		84.265		12472
6.086		87.241		11.378		84.265		12472
5.997		90.229		11.247		84.265		12472
5.388		65.561		9.958		84.265		12472
5.484		89.412		10.335		84.265		12472
2.943		90.617		5.700		84.265		12472
EPOCH: 17
/Users/hhullen/PROJECTS/CPP7_MLP-0/datasets/emnist-letters/emnist-letters-test.csv
LINES: 14801
PRECISION	RECALL		F-MEASURE	AVG-ACC		ANSS
5.105		82.835		9.618		84.298		12477
5.851		83.812		10.938		84.298		12477
5.658		94.133		10.675		84.298		12477
5.650		80.114		10.556		84.298		12477
5.883		86.864		11.019		84.298		12477
5.466		95.251		10.339		84.298		12477
3.639		90.258		6.995		84.298		12477
5.538		84.578		10.396		84.298		12477
4.649		73.698		8.745		84.298		12477
5.482		93.827		10.359		84.298		12477
5.378		95.177		10.181		84.298		12477
4.705		72.829		8.838		84.298		12477
5.963		95.019		11.222		84.298		12477
5.194		93.372		9.840		84.298		12477
6.107		87.185		11.415		84.298		12477
5.995		90.667		11.246		84.298		12477
5.330		67.036		9.875		84.298		12477
5.474		89.515		10.317		84.298		12477
2.933		90.594		5.683		84.298		12477
EPOCH: 18
/Users/hhullen/PROJECTS/CPP7_MLP-0/datasets/emnist-letters/emnist-letters-test.csv
LINES: 14801
PRECISION	RECALL		F-MEASURE	AVG-ACC		ANSS
5.200		81.864		9.778		84.461		12501
5.800		84.795		10.857		84.461		12501
5.640		94.000		10.641		84.461		12501
5.672		80.294		10.595		84.461		12501
5.888		86.486		11.025		84.461		12501
5.448		94.979		10.304		84.461		12501
3.664		89.628		7.040		84.461		12501
5.520		84.871		10.365		84.461		12501
4.592		74.837		8.652		84.461		12501
5.496		93.089		10.378		84.461		12501
5.384		94.922		10.189		84.461		12501
4.744		72.317		8.903		84.461		12501
5.976		94.677		11.242		84.461		12501
5.176		93.094		9.806		84.461		12501
6.104		87.600		11.412		84.461		12501
6.008		90.920		11.270		84.461		12501
5.264		68.187		9.773		84.461		12501
5.472		90.119		10.317		84.461		12501
2.960		90.244		5.732		84.461		12501
EPOCH: 19
/Users/hhullen/PROJECTS/CPP7_MLP-0/datasets/emnist-letters/emnist-letters-test.csv
LINES: 14801
PRECISION	RECALL		F-MEASURE	AVG-ACC		ANSS
5.219		81.141		9.808		84.656		12530
5.762		85.444		10.796		84.656		12530
5.666		94.164		10.690		84.656		12530
5.682		80.452		10.615		84.656		12530
5.890		86.620		11.030		84.656		12530
5.459		95.933		10.330		84.656		12530
3.695		89.038		7.096		84.656		12530
5.507		84.663		10.341		84.656		12530
4.581		75.033		8.635		84.656		12530
5.491		93.225		10.371		84.656		12530
5.355		94.640		10.137		84.656		12530
4.773		72.310		8.954		84.656		12530
5.970		94.564		11.230		84.656		12530
5.196		93.133		9.842		84.656		12530
6.081		87.991		11.377		84.656		12530
6.002		91.484		11.264		84.656		12530
5.235		69.125		9.734		84.656		12530
5.483		90.039		10.336		84.656		12530
2.953		90.465		5.719		84.656		12530
EPOCH: 20
/Users/hhullen/PROJECTS/CPP7_MLP-0/datasets/emnist-letters/emnist-letters-test.csv
LINES: 14801
PRECISION	RECALL		F-MEASURE	AVG-ACC		ANSS
5.280		80.830		9.912		84.717		12539
5.790		85.613		10.846		84.717		12539
5.630		94.511		10.628		84.717		12539
5.670		80.887		10.598		84.717		12539
5.862		86.777		10.982		84.717		12539
5.463		95.670		10.336		84.717		12539
3.740		88.994		7.179		84.717		12539
5.511		84.166		10.344		84.717		12539
4.578		74.837		8.628		84.717		12539
5.503		92.992		10.391		84.717		12539
5.343		94.233		10.113		84.717		12539
4.745		72.384		8.907		84.717		12539
5.989		94.465		11.264		84.717		12539
5.200		93.010		9.849		84.717		12539
6.069		87.673		11.352		84.717		12539
5.989		91.030		11.239		84.717		12539
5.232		70.386		9.739		84.717		12539
5.455		90.837		10.292		84.717		12539
2.951		90.465		5.715		84.717		12539
EPOCH: 21
/Users/hhullen/PROJECTS/CPP7_MLP-0/datasets/emnist-letters/emnist-letters-test.csv
LINES: 14801
PRECISION	RECALL		F-MEASURE	AVG-ACC		ANSS
5.291		80.485		9.929		84.792		12550
5.777		86.105		10.827		84.792		12550
5.586		95.115		10.552		84.792		12550
5.657		81.515		10.580		84.792		12550
5.888		86.737		11.028		84.792		12550
5.466		95.410		10.340		84.792		12550
3.745		88.346		7.185		84.792		12550
5.538		83.937		10.390		84.792		12550
4.566		74.902		8.607		84.792		12550
5.522		92.771		10.423		84.792		12550
5.402		93.776		10.216		84.792		12550
4.725		72.141		8.869		84.792		12550
6.000		94.956		11.287		84.792		12550
5.219		92.908		9.883		84.792		12550
6.080		87.600		11.370		84.792		12550
6.008		90.734		11.270		84.792		12550
5.211		71.164		9.711		84.792		12550
5.371		91.826		10.148		84.792		12550
2.948		89.806		5.709		84.792		12550
EPOCH: 22
/Users/hhullen/PROJECTS/CPP7_MLP-0/datasets/emnist-letters/emnist-letters-test.csv
LINES: 14801
PRECISION	RECALL		F-MEASURE	AVG-ACC		ANSS
5.349		80.167		10.028		84.758		12545
5.771		86.190		10.818		84.758		12545
5.556		95.219		10.499		84.758		12545
5.652		82.538		10.579		84.758		12545
5.907		86.263		11.056		84.758		12545
5.484		94.635		10.368		84.758		12545
3.754		88.037		7.202		84.758		12545
5.564		83.794		10.435		84.758		12545
4.480		75.234		8.456		84.758		12545
5.532		92.657		10.441		84.758		12545
5.397		94.159		10.208		84.758		12545
4.807		71.615		9.009		84.758		12545
5.986		95.184		11.264		84.758		12545
5.213		93.562		9.876		84.758		12545
6.074		87.889		11.363		84.758		12545
6.002		90.723		11.260		84.758		12545
5.197		70.870		9.684		84.758		12545
5.317		92.510		10.056		84.758		12545
2.957		89.183		5.725		84.758		12545
EPOCH: 23
/Users/hhullen/PROJECTS/CPP7_MLP-0/datasets/emnist-letters/emnist-letters-test.csv
LINES: 14801
PRECISION	RECALL		F-MEASURE	AVG-ACC		ANSS
5.290		81.151		9.932		84.683		12534
5.728		87.136		10.750		84.683		12534
5.585		94.980		10.549		84.683		12534
5.593		83.652		10.485		84.683		12534
5.904		86.651		11.055		84.683		12534
5.489		94.376		10.375		84.683		12534
3.742		88.158		7.179		84.683		12534
5.553		83.855		10.416		84.683		12534
4.468		75.472		8.436		84.683		12534
5.553		92.553		10.477		84.683		12534
5.393		94.019		10.201		84.683		12534
4.859		71.816		9.102		84.683		12534
5.992		94.704		11.270		84.683		12534
5.170		93.237		9.797		84.683		12534
6.103		87.830		11.414		84.683		12534
5.984		90.909		11.228		84.683		12534
5.258		69.883		9.780		84.683		12534
5.385		92.213		10.176		84.683		12534
2.952		88.517		5.713		84.683		12534
EPOCH: 24
/Users/hhullen/PROJECTS/CPP7_MLP-0/datasets/emnist-letters/emnist-letters-test.csv
LINES: 14801
PRECISION	RECALL		F-MEASURE	AVG-ACC		ANSS
5.308		81.373		9.965		84.521		12510
5.731		87.226		10.756		84.521		12510
5.612		94.737		10.595		84.521		12510
5.548		84.223		10.409		84.521		12510
5.955		85.534		11.135		84.521		12510
5.492		95.021		10.383		84.521		12510
3.717		87.406		7.131		84.521		12510
5.572		83.774		10.448		84.521		12510
4.444		75.853		8.397		84.521		12510
5.580		92.696		10.526		84.521		12510
5.404		93.759		10.218		84.521		12510
4.900		71.612		9.173		84.521		12510
6.019		94.717		11.319		84.521		12510
5.124		93.440		9.715		84.521		12510
6.115		88.747		11.442		84.521		12510
5.955		91.636		11.184		84.521		12510
5.212		69.068		9.692		84.521		12510
5.348		90.650		10.100		84.521		12510
2.966		88.756		5.739		84.521		12510
EPOCH: 25
/Users/hhullen/PROJECTS/CPP7_MLP-0/datasets/emnist-letters/emnist-letters-test.csv
LINES: 14801
PRECISION	RECALL		F-MEASURE	AVG-ACC		ANSS
5.356		81.409		10.051		84.515		12509
5.764		86.451		10.807		84.515		12509
5.700		93.570		10.745		84.515		12509
5.540		84.512		10.398		84.515		12509
5.932		85.780		11.096		84.515		12509
5.516		94.521		10.424		84.515		12509
3.725		87.594		7.147		84.515		12509
5.548		84.737		10.414		84.515		12509
4.453		75.270		8.408		84.515		12509
5.580		92.696		10.526		84.515		12509
5.324		94.602		10.081		84.515		12509
4.884		71.295		9.143		84.515		12509
6.036		94.612		11.347		84.515		12509
5.116		93.979		9.704		84.515		12509
6.116		89.161		11.446		84.515		12509
5.956		91.749		11.185		84.515		12509
5.140		69.364		9.571		84.515		12509
5.364		91.542		10.134		84.515		12509
2.950		88.916		5.710		84.515		12509
EPOCH: 26
/Users/hhullen/PROJECTS/CPP7_MLP-0/datasets/emnist-letters/emnist-letters-test.csv
LINES: 14801
PRECISION	RECALL		F-MEASURE	AVG-ACC		ANSS
5.363		81.652		10.064		84.663		12531
5.682		88.010		10.675		84.663		12531
5.730		92.765		10.793		84.663		12531
5.530		84.719		10.383		84.663		12531
5.857		86.659		10.973		84.663		12531
5.538		93.911		10.460		84.663		12531
3.727		88.615		7.153		84.663		12531
5.578		84.420		10.465		84.663		12531
4.365		74.523		8.247		84.663		12531
5.586		92.593		10.537		84.663		12531
5.331		95.021		10.095		84.663		12531
4.884		69.943		9.130		84.663		12531
6.009		95.196		11.305		84.663		12531
5.171		94.049		9.803		84.663		12531
6.081		88.915		11.383		84.663		12531
5.937		92.653		11.159		84.663		12531
5.267		69.255		9.789		84.663		12531
5.395		91.105		10.186		84.663		12531
2.969		86.311		5.740		84.663		12531
EPOCH: 27
/Users/hhullen/PROJECTS/CPP7_MLP-0/datasets/emnist-letters/emnist-letters-test.csv
LINES: 14801
PRECISION	RECALL		F-MEASURE	AVG-ACC		ANSS
5.434		81.094		10.186		84.792		12550
5.665		86.707		10.636		84.792		12550
5.713		92.996		10.765		84.792		12550
5.586		84.255		10.477		84.792		12550
5.825		86.611		10.915		84.792		12550
5.554		94.444		10.491		84.792		12550
3.649		89.105		7.012		84.792		12550
5.594		84.477		10.492		84.792		12550
4.438		74.465		8.377		84.792		12550
5.546		92.676		10.465		84.792		12550
5.331		94.625		10.093		84.792		12550
4.797		70.991		8.986		84.792		12550
5.992		95.674		11.278		84.792		12550
5.211		93.429		9.872		84.792		12550
6.088		88.837		11.394		84.792		12550
5.920		92.991		11.132		84.792		12550
5.235		69.450		9.736		84.792		12550
5.474		90.157		10.322		84.792		12550
2.948		88.729		5.707		84.792		12550
EPOCH: 28
/Users/hhullen/PROJECTS/CPP7_MLP-0/datasets/emnist-letters/emnist-letters-test.csv
LINES: 14801
PRECISION	RECALL		F-MEASURE	AVG-ACC		ANSS
5.312		82.222		9.979		84.710		12538
5.743		85.612		10.763		84.710		12538
5.758		92.327		10.841		84.710		12538
5.647		82.517		10.570		84.710		12538
5.774		88.400		10.841		84.710		12538
5.527		94.414		10.443		84.710		12538
3.597		89.841		6.917		84.710		12538
5.543		84.242		10.402		84.710		12538
4.578		73.028		8.616		84.710		12538
5.503		92.992		10.392		84.710		12538
5.400		93.508		10.210		84.710		12538
4.658		71.921		8.749		84.710		12538
5.974		96.026		11.248		84.710		12538
5.272		93.099		9.979		84.710		12538
6.062		88.889		11.349		84.710		12538
5.870		92.695		11.041		84.710		12538
5.264		69.547		9.787		84.710		12538
5.551		89.691		10.455		84.710		12538
2.967		87.119		5.739		84.710		12538
EPOCH: 29
/Users/hhullen/PROJECTS/CPP7_MLP-0/datasets/emnist-letters/emnist-letters-test.csv
LINES: 14801
PRECISION	RECALL		F-MEASURE	AVG-ACC		ANSS
5.292		82.077		9.942		84.778		12548
5.738		86.022		10.758		84.778		12548
5.746		93.273		10.825		84.778		12548
5.634		82.305		10.547		84.778		12548
5.778		88.092		10.844		84.778		12548
5.531		94.422		10.449		84.778		12548
3.658		88.269		7.025		84.778		12548
5.539		84.242		10.394		84.778		12548
4.566		72.901		8.595		84.778		12548
5.515		92.761		10.411		84.778		12548
5.411		94.044		10.234		84.778		12548
4.638		71.675		8.713		84.778		12548
5.969		96.026		11.239		84.778		12548
5.292		92.094		10.008		84.778		12548
6.065		89.006		11.356		84.778		12548
5.937		92.547		11.159		84.778		12548
5.172		71.007		9.642		84.778		12548
5.547		89.806		10.448		84.778		12548
2.973		87.559		5.750		84.778		12548
IN A ROW IS: 6
