/Users/hhullen/PROJECTS/CPP7_MLP-0/datasets/emnist-letters/emnist-letters-train.csv
LINES: 88801
TESTING: 88801 1
EPOCH: 0
/Users/hhullen/PROJECTS/CPP7_MLP-0/datasets/emnist-letters/emnist-letters-test.csv
LINES: 14801
PRECISION	RECALL		F-MEASURE	AVG-ACC		ANSS
5.200		47.974		9.382		66.137		9789
5.057		73.881		9.466		66.137		9789
6.599		80.549		12.199		66.137		9789
4.311		75.357		8.155		66.137		9789
6.191		76.709		11.457		66.137		9789
5.333		86.567		10.046		66.137		9789
3.861		54.000		7.208		66.137		9789
5.230		72.934		9.761		66.137		9789
4.771		68.175		8.917		66.137		9789
5.465		86.430		10.281		66.137		9789
5.036		71.449		9.409		66.137		9789
5.118		60.072		9.432		66.137		9789
7.069		87.374		13.080		66.137		9789
5.026		74.772		9.419		66.137		9789
6.752		84.527		12.506		66.137		9789
6.967		69.949		12.672		66.137		9789
4.352		60.255		8.117		66.137		9789
4.454		88.798		8.482		66.137		9789
3.208		75.481		6.154		66.137		9789
EPOCH: 1
/Users/hhullen/PROJECTS/CPP7_MLP-0/datasets/emnist-letters/emnist-letters-test.csv
LINES: 14801
PRECISION	RECALL		F-MEASURE	AVG-ACC		ANSS
5.157		59.700		9.495		72.968		10800
5.981		73.493		11.063		72.968		10800
6.259		85.139		11.661		72.968		10800
4.278		80.911		8.126		72.968		10800
5.880		85.235		11.000		72.968		10800
5.519		89.355		10.395		72.968		10800
3.963		64.848		7.469		72.968		10800
5.296		78.356		9.922		72.968		10800
4.444		73.507		8.382		72.968		10800
5.556		88.757		10.457		72.968		10800
5.546		71.909		10.298		72.968		10800
5.500		64.286		10.133		72.968		10800
6.491		91.514		12.122		72.968		10800
5.157		79.571		9.687		72.968		10800
6.333		87.580		11.812		72.968		10800
6.380		83.012		11.849		72.968		10800
4.917		65.153		9.143		72.968		10800
4.324		92.659		8.263		72.968		10800
3.019		79.902		5.817		72.968		10800
EPOCH: 2
/Users/hhullen/PROJECTS/CPP7_MLP-0/datasets/emnist-letters/emnist-letters-test.csv
LINES: 14801
PRECISION	RECALL		F-MEASURE	AVG-ACC		ANSS
5.434		62.055		9.993		75.846		11226
5.924		76.701		10.998		75.846		11226
6.164		86.284		11.506		75.846		11226
4.258		80.201		8.087		75.846		11226
5.879		85.603		11.003		75.846		11226
5.621		88.999		10.574		75.846		11226
4.026		70.186		7.616		75.846		11226
5.327		81.140		9.997		75.846		11226
4.400		74.848		8.312		75.846		11226
5.541		89.368		10.434		75.846		11226
5.674		74.416		10.545		75.846		11226
5.478		67.657		10.136		75.846		11226
6.227		93.076		11.672		75.846		11226
5.140		82.546		9.677		75.846		11226
6.253		88.748		11.683		75.846		11226
6.191		86.767		11.557		75.846		11226
5.051		67.661		9.400		75.846		11226
4.392		91.296		8.380		75.846		11226
3.020		79.953		5.820		75.846		11226
EPOCH: 3
/Users/hhullen/PROJECTS/CPP7_MLP-0/datasets/emnist-letters/emnist-letters-test.csv
LINES: 14801
PRECISION	RECALL		F-MEASURE	AVG-ACC		ANSS
5.386		64.811		9.946		77.393		11455
5.936		80.473		11.057		77.393		11455
6.120		88.065		11.444		77.393		11455
4.400		77.301		8.326		77.393		11455
6.024		84.044		11.241		77.393		11455
5.578		89.246		10.500		77.393		11455
4.007		71.273		7.587		77.393		11455
5.378		82.463		10.097		77.393		11455
4.452		76.692		8.416		77.393		11455
5.509		89.631		10.379		77.393		11455
5.587		80.503		10.449		77.393		11455
5.404		69.551		10.028		77.393		11455
6.155		93.501		11.549		77.393		11455
5.124		84.218		9.661		77.393		11455
6.207		89.098		11.605		77.393		11455
6.146		87.671		11.486		77.393		11455
5.116		67.202		9.508		77.393		11455
4.417		88.462		8.414		77.393		11455
3.055		78.829		5.883		77.393		11455
EPOCH: 4
/Users/hhullen/PROJECTS/CPP7_MLP-0/datasets/emnist-letters/emnist-letters-test.csv
LINES: 14801
PRECISION	RECALL		F-MEASURE	AVG-ACC		ANSS
5.414		68.256		10.032		78.623		11637
5.878		81.332		10.963		78.623		11637
5.981		88.550		11.205		78.623		11637
4.365		76.853		8.262		78.623		11637
6.058		81.409		11.277		78.623		11637
5.603		90.556		10.553		78.623		11637
4.125		72.948		7.808		78.623		11637
5.362		84.324		10.083		78.623		11637
4.365		78.034		8.268		78.623		11637
5.465		90.728		10.310		78.623		11637
5.465		86.179		10.279		78.623		11637
5.431		69.527		10.075		78.623		11637
6.084		94.526		11.432		78.623		11637
5.173		84.432		9.749		78.623		11637
6.204		88.589		11.597		78.623		11637
6.067		88.805		11.358		78.623		11637
5.053		69.421		9.420		78.623		11637
4.855		86.923		9.197		78.623		11637
3.051		79.775		5.877		78.623		11637
EPOCH: 5
/Users/hhullen/PROJECTS/CPP7_MLP-0/datasets/emnist-letters/emnist-letters-test.csv
LINES: 14801
PRECISION	RECALL		F-MEASURE	AVG-ACC		ANSS
5.401		71.126		10.040		79.805		11812
5.875		82.033		10.965		79.805		11812
5.960		88.442		11.168		79.805		11812
4.368		79.507		8.282		79.805		11812
6.019		82.483		11.220		79.805		11812
5.655		90.392		10.645		79.805		11812
4.123		73.454		7.808		79.805		11812
5.300		84.595		9.975		79.805		11812
4.326		77.778		8.196		79.805		11812
5.528		90.947		10.423		79.805		11812
5.376		91.105		10.153		79.805		11812
5.359		70.100		9.957		79.805		11812
6.045		94.695		11.364		79.805		11812
5.249		84.125		9.881		79.805		11812
6.231		88.144		11.639		79.805		11812
6.019		90.000		11.284		79.805		11812
5.003		71.377		9.351		79.805		11812
5.122		87.176		9.675		79.805		11812
3.039		81.038		5.859		79.805		11812
EPOCH: 6
/Users/hhullen/PROJECTS/CPP7_MLP-0/datasets/emnist-letters/emnist-letters-test.csv
LINES: 14801
PRECISION	RECALL		F-MEASURE	AVG-ACC		ANSS
5.407		73.129		10.069		80.603		11930
5.901		81.576		11.006		80.603		11930
5.935		89.281		11.129		80.603		11930
4.376		79.939		8.297		80.603		11930
6.018		83.198		11.225		80.603		11930
5.675		90.629		10.681		80.603		11930
4.082		76.572		7.751		80.603		11930
5.306		85.656		9.993		80.603		11930
4.283		77.542		8.118		80.603		11930
5.599		90.761		10.548		80.603		11930
5.356		93.013		10.129		80.603		11930
5.281		69.845		9.819		80.603		11930
6.010		94.466		11.301		80.603		11930
5.323		83.773		10.009		80.603		11930
6.161		87.500		11.511		80.603		11930
5.977		90.139		11.210		80.603		11930
4.996		72.242		9.345		80.603		11930
5.281		86.657		9.955		80.603		11930
3.034		81.166		5.850		80.603		11930
EPOCH: 7
/Users/hhullen/PROJECTS/CPP7_MLP-0/datasets/emnist-letters/emnist-letters-test.csv
LINES: 14801
PRECISION	RECALL		F-MEASURE	AVG-ACC		ANSS
5.483		73.141		10.200		81.211		12020
5.915		81.164		11.027		81.211		12020
5.957		89.500		11.170		81.211		12020
4.384		80.828		8.318		81.211		12020
5.990		85.106		11.192		81.211		12020
5.641		90.763		10.621		81.211		12020
4.035		77.600		7.671		81.211		12020
5.266		86.357		9.927		81.211		12020
4.235		77.948		8.033		81.211		12020
5.616		90.604		10.576		81.211		12020
5.366		93.886		10.152		81.211		12020
5.291		69.737		9.836		81.211		12020
5.990		94.987		11.269		81.211		12020
5.358		84.737		10.078		81.211		12020
6.148		87.663		11.490		81.211		12020
6.007		89.801		11.260		81.211		12020
4.908		74.121		9.207		81.211		12020
5.374		85.904		10.116		81.211		12020
3.037		80.931		5.854		81.211		12020
EPOCH: 8
/Users/hhullen/PROJECTS/CPP7_MLP-0/datasets/emnist-letters/emnist-letters-test.csv
LINES: 14801
PRECISION	RECALL		F-MEASURE	AVG-ACC		ANSS
5.439		73.051		10.124		81.488		12061
5.936		81.087		11.063		81.488		12061
5.953		90.088		11.168		81.488		12061
4.378		81.860		8.311		81.488		12061
5.945		86.074		11.121		81.488		12061
5.597		91.463		10.548		81.488		12061
4.038		79.575		7.686		81.488		12061
5.298		86.351		9.984		81.488		12061
4.195		77.727		7.961		81.488		12061
5.646		89.842		10.625		81.488		12061
5.398		94.211		10.210		81.488		12061
5.265		69.780		9.791		81.488		12061
5.978		95.119		11.249		81.488		12061
5.331		85.505		10.037		81.488		12061
6.152		87.500		11.496		81.488		12061
6.077		88.527		11.374		81.488		12061
4.867		75.256		9.143		81.488		12061
5.447		86.447		10.249		81.488		12061
3.059		79.526		5.892		81.488		12061
EPOCH: 9
/Users/hhullen/PROJECTS/CPP7_MLP-0/datasets/emnist-letters/emnist-letters-test.csv
LINES: 14801
PRECISION	RECALL		F-MEASURE	AVG-ACC		ANSS
5.446		74.074		10.146		81.880		12119
5.925		81.684		11.048		81.880		12119
5.933		89.875		11.131		81.880		12119
4.415		82.435		8.380		81.880		12119
5.925		86.298		11.088		81.880		12119
5.553		91.440		10.471		81.880		12119
4.043		79.417		7.695		81.880		12119
5.289		86.156		9.967		81.880		12119
4.159		77.778		7.895		81.880		12119
5.677		89.583		10.677		81.880		12119
5.421		94.532		10.254		81.880		12119
5.273		69.684		9.804		81.880		12119
5.958		94.875		11.211		81.880		12119
5.347		86.980		10.075		81.880		12119
6.172		87.281		11.529		81.880		12119
6.090		88.172		11.392		81.880		12119
4.852		75.676		9.119		81.880		12119
5.471		86.554		10.291		81.880		12119
3.053		80.260		5.882		81.880		12119
EPOCH: 10
/Users/hhullen/PROJECTS/CPP7_MLP-0/datasets/emnist-letters/emnist-letters-test.csv
LINES: 14801
PRECISION	RECALL		F-MEASURE	AVG-ACC		ANSS
5.503		74.916		10.252		82.143		12158
5.906		82.434		11.022		82.143		12158
5.955		90.274		11.173		82.143		12158
4.409		82.335		8.369		82.143		12158
5.881		86.562		11.014		82.143		12158
5.527		91.304		10.423		82.143		12158
4.038		79.708		7.687		82.143		12158
5.289		86.775		9.970		82.143		12158
4.104		77.605		7.796		82.143		12158
5.667		90.183		10.664		82.143		12158
5.445		94.168		10.295		82.143		12158
5.322		69.272		9.884		82.143		12158
5.955		94.641		11.205		82.143		12158
5.330		88.163		10.052		82.143		12158
6.218		86.897		11.606		82.143		12158
6.095		87.485		11.396		82.143		12158
4.836		75.676		9.092		82.143		12158
5.478		87.173		10.308		82.143		12158
3.043		80.610		5.865		82.143		12158
EPOCH: 11
/Users/hhullen/PROJECTS/CPP7_MLP-0/datasets/emnist-letters/emnist-letters-test.csv
LINES: 14801
PRECISION	RECALL		F-MEASURE	AVG-ACC		ANSS
5.505		74.833		10.255		82.481		12208
5.890		83.995		11.007		82.481		12208
5.947		90.299		11.159		82.481		12208
4.440		82.875		8.428		82.481		12208
5.840		87.271		10.948		82.481		12208
5.529		91.962		10.431		82.481		12208
4.087		79.968		7.777		82.481		12208
5.300		87.079		9.992		82.481		12208
4.055		78.076		7.709		82.481		12208
5.668		90.339		10.667		82.481		12208
5.464		94.209		10.328		82.481		12208
5.341		68.922		9.913		82.481		12208
5.939		94.278		11.174		82.481		12208
5.267		88.935		9.945		82.481		12208
6.209		87.731		11.597		82.481		12208
6.119		87.266		11.436		82.481		12208
4.857		76.813		9.137		82.481		12208
5.496		86.805		10.338		82.481		12208
3.047		81.400		5.874		82.481		12208
EPOCH: 12
/Users/hhullen/PROJECTS/CPP7_MLP-0/datasets/emnist-letters/emnist-letters-test.csv
LINES: 14801
PRECISION	RECALL		F-MEASURE	AVG-ACC		ANSS
5.504		74.861		10.254		82.609		12227
5.864		84.155		10.964		82.609		12227
5.930		90.286		11.128		82.609		12227
4.474		83.511		8.492		82.609		12227
5.807		87.654		10.892		82.609		12227
5.537		91.984		10.445		82.609		12227
4.057		80.389		7.723		82.609		12227
5.300		86.980		9.991		82.609		12227
4.016		77.813		7.637		82.609		12227
5.668		90.707		10.669		82.609		12227
5.488		94.242		10.372		82.609		12227
5.341		68.882		9.913		82.609		12227
5.995		93.974		11.271		82.609		12227
5.242		89.400		9.904		82.609		12227
6.216		88.065		11.612		82.609		12227
6.142		87.022		11.474		82.609		12227
4.850		76.123		9.119		82.609		12227
5.529		86.889		10.396		82.609		12227
3.042		81.223		5.865		82.609		12227
EPOCH: 13
/Users/hhullen/PROJECTS/CPP7_MLP-0/datasets/emnist-letters/emnist-letters-test.csv
LINES: 14801
PRECISION	RECALL		F-MEASURE	AVG-ACC		ANSS
5.540		74.780		10.315		82.812		12257
5.866		85.291		10.977		82.812		12257
5.948		90.000		11.158		82.812		12257
4.504		84.275		8.550		82.812		12257
5.760		88.582		10.817		82.812		12257
5.548		92.517		10.468		82.812		12257
4.039		79.327		7.686		82.812		12257
5.279		87.551		9.957		82.812		12257
4.006		78.560		7.623		82.812		12257
5.654		90.945		10.646		82.812		12257
5.499		94.398		10.392		82.812		12257
5.368		69.263		9.964		82.812		12257
5.988		93.384		11.255		82.812		12257
5.254		88.583		9.920		82.812		12257
6.201		88.269		11.587		82.812		12257
6.135		86.936		11.462		82.812		12257
4.805		76.593		9.043		82.812		12257
5.548		86.185		10.425		82.812		12257
3.059		81.699		5.898		82.812		12257
EPOCH: 14
/Users/hhullen/PROJECTS/CPP7_MLP-0/datasets/emnist-letters/emnist-letters-test.csv
LINES: 14801
PRECISION	RECALL		F-MEASURE	AVG-ACC		ANSS
5.536		74.480		10.306		82.988		12283
5.845		86.402		10.950		82.988		12283
5.951		89.914		11.164		82.988		12283
4.551		84.954		8.639		82.988		12283
5.740		88.903		10.783		82.988		12283
5.577		92.818		10.521		82.988		12283
4.087		80.064		7.777		82.988		12283
5.251		87.995		9.911		82.988		12283
3.940		78.699		7.505		82.988		12283
5.666		91.099		10.669		82.988		12283
5.487		94.530		10.372		82.988		12283
5.365		68.861		9.955		82.988		12283
5.984		93.631		11.249		82.988		12283
5.276		88.043		9.955		82.988		12283
6.179		88.565		11.553		82.988		12283
6.147		86.682		11.479		82.988		12283
4.812		77.356		9.060		82.988		12283
5.552		86.548		10.435		82.988		12283
3.053		82.237		5.887		82.988		12283
EPOCH: 15
/Users/hhullen/PROJECTS/CPP7_MLP-0/datasets/emnist-letters/emnist-letters-test.csv
LINES: 14801
PRECISION	RECALL		F-MEASURE	AVG-ACC		ANSS
5.498		75.615		10.250		83.075		12296
5.807		87.286		10.889		83.075		12296
5.945		89.914		11.153		83.075		12296
4.636		84.071		8.787		83.075		12296
5.717		89.100		10.745		83.075		12296
5.571		92.568		10.509		83.075		12296
4.107		79.779		7.812		83.075		12296
5.213		88.049		9.843		83.075		12296
3.953		78.641		7.527		83.075		12296
5.660		90.862		10.657		83.075		12296
5.514		94.561		10.420		83.075		12296
5.351		69.045		9.933		83.075		12296
5.986		93.639		11.252		83.075		12296
5.319		87.316		10.027		83.075		12296
6.148		88.318		11.496		83.075		12296
6.140		86.583		11.467		83.075		12296
4.823		77.720		9.082		83.075		12296
5.571		86.709		10.469		83.075		12296
3.042		82.379		5.867		83.075		12296
EPOCH: 16
/Users/hhullen/PROJECTS/CPP7_MLP-0/datasets/emnist-letters/emnist-letters-test.csv
LINES: 14801
PRECISION	RECALL		F-MEASURE	AVG-ACC		ANSS
5.501		75.585		10.256		83.271		12325
5.809		88.069		10.900		83.271		12325
5.907		89.988		11.086		83.271		12325
4.722		82.906		8.935		83.271		12325
5.704		89.100		10.721		83.271		12325
5.582		92.349		10.528		83.271		12325
4.130		79.906		7.854		83.271		12325
5.193		88.154		9.808		83.271		12325
4.032		79.266		7.674		83.271		12325
5.647		91.219		10.636		83.271		12325
5.542		94.467		10.469		83.271		12325
5.339		69.926		9.920		83.271		12325
5.963		94.231		11.217		83.271		12325
5.331		87.251		10.047		83.271		12325
6.101		88.367		11.415		83.271		12325
6.110		86.353		11.412		83.271		12325
4.795		77.763		9.033		83.271		12325
5.566		87.389		10.465		83.271		12325
3.026		82.889		5.840		83.271		12325
EPOCH: 17
/Users/hhullen/PROJECTS/CPP7_MLP-0/datasets/emnist-letters/emnist-letters-test.csv
LINES: 14801
PRECISION	RECALL		F-MEASURE	AVG-ACC		ANSS
5.502		75.055		10.252		83.508		12360
5.801		88.192		10.886		83.508		12360
5.874		90.864		11.034		83.508		12360
4.903		83.702		9.263		83.508		12360
5.688		89.100		10.693		83.508		12360
5.607		92.154		10.570		83.508		12360
4.175		80.124		7.936		83.508		12360
5.178		88.033		9.781		83.508		12360
4.061		79.055		7.726		83.508		12360
5.639		91.711		10.625		83.508		12360
5.558		94.239		10.497		83.508		12360
5.299		70.053		9.853		83.508		12360
5.987		94.028		11.257		83.508		12360
5.316		87.600		10.023		83.508		12360
6.060		89.061		11.348		83.508		12360
6.076		86.521		11.355		83.508		12360
4.741		78.552		8.942		83.508		12360
5.518		87.212		10.379		83.508		12360
3.018		84.580		5.828		83.508		12360
EPOCH: 18
/Users/hhullen/PROJECTS/CPP7_MLP-0/datasets/emnist-letters/emnist-letters-test.csv
LINES: 14801
PRECISION	RECALL		F-MEASURE	AVG-ACC		ANSS
5.444		76.384		10.163		83.900		12418
5.766		89.388		10.833		83.900		12418
5.830		91.414		10.961		83.900		12418
5.186		84.625		9.773		83.900		12418
5.701		89.057		10.717		83.900		12418
5.621		92.084		10.595		83.900		12418
4.091		81.021		7.788		83.900		12418
5.162		88.536		9.755		83.900		12418
4.099		78.067		7.789		83.900		12418
5.621		92.206		10.596		83.900		12418
5.556		94.262		10.494		83.900		12418
5.194		70.801		9.678		83.900		12418
5.983		94.529		11.254		83.900		12418
5.331		88.149		10.054		83.900		12418
6.056		89.417		11.343		83.900		12418
6.056		86.736		11.321		83.900		12418
4.808		78.968		9.063		83.900		12418
5.492		87.212		10.333		83.900		12418
3.004		83.073		5.798		83.900		12418
EPOCH: 19
/Users/hhullen/PROJECTS/CPP7_MLP-0/datasets/emnist-letters/emnist-letters-test.csv
LINES: 14801
PRECISION	RECALL		F-MEASURE	AVG-ACC		ANSS
5.427		76.967		10.140		84.028		12437
5.789		88.344		10.866		84.028		12437
5.829		91.540		10.961		84.028		12437
5.291		84.685		9.959		84.028		12437
5.709		89.308		10.732		84.028		12437
5.612		91.842		10.578		84.028		12437
4.028		81.068		7.675		84.028		12437
5.154		89.400		9.746		84.028		12437
4.125		78.321		7.837		84.028		12437
5.636		92.358		10.624		84.028		12437
5.580		93.911		10.534		84.028		12437
5.162		71.018		9.624		84.028		12437
5.974		95.013		11.241		84.028		12437
5.339		88.652		10.071		84.028		12437
5.982		90.291		11.221		84.028		12437
6.038		87.427		11.297		84.028		12437
4.865		77.664		9.156		84.028		12437
5.468		87.629		10.293		84.028		12437
2.991		83.596		5.776		84.028		12437
EPOCH: 20
/Users/hhullen/PROJECTS/CPP7_MLP-0/datasets/emnist-letters/emnist-letters-test.csv
LINES: 14801
PRECISION	RECALL		F-MEASURE	AVG-ACC		ANSS
5.412		77.294		10.116		84.143		12454
5.789		88.034		10.864		84.143		12454
5.805		91.635		10.919		84.143		12454
5.428		83.975		10.197		84.143		12454
5.709		89.434		10.733		84.143		12454
5.645		91.180		10.631		84.143		12454
4.015		81.566		7.653		84.143		12454
5.179		89.583		9.792		84.143		12454
4.119		78.802		7.829		84.143		12454
5.605		92.206		10.567		84.143		12454
5.589		93.801		10.549		84.143		12454
5.179		71.114		9.655		84.143		12454
5.966		95.256		11.229		84.143		12454
5.300		89.069		10.004		84.143		12454
5.934		91.010		11.141		84.143		12454
6.014		88.014		11.259		84.143		12454
4.890		76.991		9.196		84.143		12454
5.436		87.808		10.238		84.143		12454
2.987		84.354		5.770		84.143		12454
EPOCH: 21
/Users/hhullen/PROJECTS/CPP7_MLP-0/datasets/emnist-letters/emnist-letters-test.csv
LINES: 14801
PRECISION	RECALL		F-MEASURE	AVG-ACC		ANSS
5.371		77.520		10.046		84.156		12456
5.764		88.206		10.821		84.156		12456
5.804		92.337		10.922		84.156		12456
5.515		82.275		10.338		84.156		12456
5.716		89.447		10.746		84.156		12456
5.660		91.203		10.658		84.156		12456
4.014		81.433		7.651		84.156		12456
5.154		89.415		9.746		84.156		12456
4.143		78.779		7.871		84.156		12456
5.636		92.857		10.627		84.156		12456
5.604		94.070		10.577		84.156		12456
5.154		71.254		9.613		84.156		12456
5.917		95.466		11.143		84.156		12456
5.283		89.646		9.977		84.156		12456
5.909		91.542		11.101		84.156		12456
6.013		88.118		11.258		84.156		12456
4.929		76.463		9.262		84.156		12456
5.427		88.021		10.224		84.156		12456
2.987		84.932		5.770		84.156		12456
EPOCH: 22
/Users/hhullen/PROJECTS/CPP7_MLP-0/datasets/emnist-letters/emnist-letters-test.csv
LINES: 14801
PRECISION	RECALL		F-MEASURE	AVG-ACC		ANSS
5.339		77.532		9.990		84.278		12474
5.732		88.272		10.765		84.278		12474
5.812		92.593		10.938		84.278		12474
5.588		81.330		10.457		84.278		12474
5.716		89.798		10.748		84.278		12474
5.652		91.558		10.646		84.278		12474
4.032		81.260		7.683		84.278		12474
5.163		89.694		9.763		84.278		12474
4.145		78.097		7.871		84.278		12474
5.652		92.763		10.654		84.278		12474
5.612		94.467		10.594		84.278		12474
5.115		71.285		9.544		84.278		12474
5.884		95.698		11.087		84.278		12474
5.291		89.918		9.994		84.278		12474
5.900		91.771		11.088		84.278		12474
6.004		88.430		11.245		84.278		12474
4.962		76.232		9.318		84.278		12474
5.419		88.598		10.214		84.278		12474
2.982		85.517		5.763		84.278		12474
EPOCH: 23
/Users/hhullen/PROJECTS/CPP7_MLP-0/datasets/emnist-letters/emnist-letters-test.csv
LINES: 14801
PRECISION	RECALL		F-MEASURE	AVG-ACC		ANSS
5.315		78.394		9.956		84.400		12492
5.732		87.745		10.760		84.400		12492
5.820		92.259		10.949		84.400		12492
5.588		81.352		10.457		84.400		12492
5.676		90.318		10.680		84.400		12492
5.652		91.927		10.649		84.400		12492
3.995		81.536		7.616		84.400		12492
5.171		89.972		9.780		84.400		12492
4.115		78.234		7.818		84.400		12492
5.660		92.661		10.668		84.400		12492
5.612		94.602		10.595		84.400		12492
5.139		71.254		9.587		84.400		12492
5.900		95.714		11.114		84.400		12492
5.291		89.810		9.994		84.400		12492
5.900		91.895		11.088		84.400		12492
6.028		88.277		11.285		84.400		12492
5.003		76.406		9.391		84.400		12492
5.435		88.411		10.241		84.400		12492
2.970		86.279		5.742		84.400		12492
EPOCH: 24
/Users/hhullen/PROJECTS/CPP7_MLP-0/datasets/emnist-letters/emnist-letters-test.csv
LINES: 14801
PRECISION	RECALL		F-MEASURE	AVG-ACC		ANSS
5.305		78.184		9.936		84.440		12498
5.745		87.668		10.783		84.440		12498
5.849		92.298		11.001		84.440		12498
5.577		82.000		10.444		84.440		12498
5.657		90.874		10.651		84.440		12498
5.649		92.288		10.646		84.440		12498
3.945		81.894		7.527		84.440		12498
5.161		89.708		9.760		84.440		12498
4.089		77.896		7.769		84.440		12498
5.665		92.670		10.677		84.440		12498
5.633		94.497		10.632		84.440		12498
5.137		70.861		9.579		84.440		12498
5.913		95.850		11.139		84.440		12498
5.289		90.177		9.992		84.440		12498
5.905		91.677		11.095		84.440		12498
6.041		88.201		11.307		84.440		12498
5.033		75.875		9.439		84.440		12498
5.441		88.197		10.249		84.440		12498
2.968		86.279		5.739		84.440		12498
EPOCH: 25
/Users/hhullen/PROJECTS/CPP7_MLP-0/datasets/emnist-letters/emnist-letters-test.csv
LINES: 14801
PRECISION	RECALL		F-MEASURE	AVG-ACC		ANSS
5.313		78.210		9.951		84.433		12497
5.745		87.136		10.780		84.433		12497
5.849		92.065		11.000		84.433		12497
5.561		82.640		10.421		84.433		12497
5.657		90.409		10.648		84.433		12497
5.625		92.867		10.608		84.433		12497
3.921		81.940		7.484		84.433		12497
5.169		89.474		9.774		84.433		12497
4.097		78.049		7.785		84.433		12497
5.657		92.539		10.663		84.433		12497
5.641		94.504		10.647		84.433		12497
5.145		70.815		9.593		84.433		12497
5.929		95.122		11.163		84.433		12497
5.257		90.371		9.936		84.433		12497
5.921		91.358		11.122		84.433		12497
6.049		88.009		11.321		84.433		12497
5.041		75.904		9.454		84.433		12497
5.457		88.457		10.280		84.433		12497
2.961		86.651		5.726		84.433		12497
EPOCH: 26
/Users/hhullen/PROJECTS/CPP7_MLP-0/datasets/emnist-letters/emnist-letters-test.csv
LINES: 14801
PRECISION	RECALL		F-MEASURE	AVG-ACC		ANSS
5.303		78.092		9.931		84.474		12503
5.751		86.731		10.786		84.474		12503
5.855		91.844		11.008		84.474		12503
5.551		83.213		10.407		84.474		12503
5.655		90.641		10.645		84.474		12503
5.599		93.085		10.562		84.474		12503
3.887		82.234		7.423		84.474		12503
5.159		89.459		9.755		84.474		12503
4.063		78.034		7.724		84.474		12503
5.663		92.428		10.671		84.474		12503
5.639		94.631		10.643		84.474		12503
5.143		70.504		9.586		84.474		12503
5.935		95.128		11.172		84.474		12503
5.287		90.301		9.989		84.474		12503
5.935		91.267		11.144		84.474		12503
6.063		87.833		11.342		84.474		12503
5.063		75.718		9.491		84.474		12503
5.487		88.630		10.334		84.474		12503
2.967		87.089		5.739		84.474		12503
EPOCH: 27
/Users/hhullen/PROJECTS/CPP7_MLP-0/datasets/emnist-letters/emnist-letters-test.csv
LINES: 14801
PRECISION	RECALL		F-MEASURE	AVG-ACC		ANSS
5.316		78.698		9.959		84.521		12510
5.763		86.347		10.806		84.521		12510
5.859		91.970		11.017		84.521		12510
5.548		83.918		10.407		84.521		12510
5.643		90.629		10.625		84.521		12510
5.580		93.316		10.529		84.521		12510
3.893		82.125		7.433		84.521		12510
5.156		89.459		9.750		84.521		12510
4.061		77.676		7.718		84.521		12510
5.667		92.438		10.680		84.521		12510
5.627		94.244		10.621		84.521		12510
5.140		70.273		9.579		84.521		12510
5.939		94.770		11.178		84.521		12510
5.292		90.561		9.999		84.521		12510
5.947		91.176		11.166		84.521		12510
6.051		87.819		11.322		84.521		12510
5.068		75.476		9.498		84.521		12510
5.484		88.402		10.327		84.521		12510
2.966		87.500		5.737		84.521		12510
EPOCH: 28
/Users/hhullen/PROJECTS/CPP7_MLP-0/datasets/emnist-letters/emnist-letters-test.csv
LINES: 14801
PRECISION	RECALL		F-MEASURE	AVG-ACC		ANSS
5.352		79.009		10.025		84.582		12519
5.775		86.174		10.825		84.582		12519
5.855		91.970		11.009		84.582		12519
5.536		84.102		10.387		84.582		12519
5.631		91.203		10.608		84.582		12519
5.568		93.432		10.509		84.582		12519
3.898		81.742		7.441		84.582		12519
5.152		89.708		9.745		84.582		12519
4.034		77.573		7.669		84.582		12519
5.679		92.578		10.702		84.582		12519
5.623		94.118		10.613		84.582		12519
5.136		70.120		9.571		84.582		12519
5.943		94.898		11.185		84.582		12519
5.304		90.587		10.021		84.582		12519
5.951		90.965		11.171		84.582		12519
6.047		87.921		11.315		84.582		12519
5.072		74.882		9.501		84.582		12519
5.480		88.860		10.323		84.582		12519
2.963		87.707		5.733		84.582		12519
EPOCH: 29
/Users/hhullen/PROJECTS/CPP7_MLP-0/datasets/emnist-letters/emnist-letters-test.csv
LINES: 14801
PRECISION	RECALL		F-MEASURE	AVG-ACC		ANSS
5.352		79.290		10.027		84.582		12519
5.775		86.174		10.825		84.582		12519
5.855		91.970		11.009		84.582		12519
5.552		84.140		10.416		84.582		12519
5.647		90.757		10.633		84.582		12519
5.552		93.666		10.482		84.582		12519
3.906		81.773		7.456		84.582		12519
5.144		89.694		9.730		84.582		12519
4.034		77.812		7.670		84.582		12519
5.679		92.458		10.701		84.582		12519
5.623		94.118		10.613		84.582		12519
5.144		69.924		9.583		84.582		12519
5.919		94.878		11.143		84.582		12519
5.320		90.122		10.047		84.582		12519
5.935		90.942		11.143		84.582		12519
6.055		87.833		11.329		84.582		12519
5.080		74.736		9.514		84.582		12519
5.464		89.179		10.297		84.582		12519
2.963		88.333		5.735		84.582		12519
IN A ROW IS: 6
