1 UPLOADED
/Users/hhullen/PROJECTS/CPP7_MLP-0/datasets/emnist-letters/emnist-letters-train.csv
LINES: 88801
TESTING: 0 1
EPOCH: 0
/Users/hhullen/PROJECTS/CPP7_MLP-0/datasets/emnist-letters/emnist-letters-test.csv
LINES: 14801
PRECISION	RECALL		F-MEASURE	AVG-ACC		ANSS
5.340		83.625		10.038		84.650		12529
5.795		90.750		10.894		84.650		12529
5.858		91.750		11.014		84.650		12529
5.571		87.250		10.473		84.650		12529
5.635		88.250		10.593		84.650		12529
5.523		86.500		10.383		84.650		12529
3.975		62.250		7.472		84.650		12529
5.116		80.125		9.618		84.650		12529
4.031		63.125		7.577		84.650		12529
5.675		88.875		10.668		84.650		12529
5.635		88.250		10.593		84.650		12529
5.148		80.625		9.678		84.650		12529
5.922		92.750		11.134		84.650		12529
5.340		83.625		10.038		84.650		12529
5.922		92.750		11.134		84.650		12529
6.034		94.500		11.344		84.650		12529
5.076		79.500		9.543		84.650		12529
5.443		85.250		10.233		84.650		12529
2.961		92.750		5.739		84.650		12529
EPOCH: 1
/Users/hhullen/PROJECTS/CPP7_MLP-0/datasets/emnist-letters/emnist-letters-test.csv
LINES: 14801
PRECISION	RECALL		F-MEASURE	AVG-ACC		ANSS
5.354		83.875		10.065		84.677		12533
5.769		90.375		10.845		84.677		12533
5.872		92.000		11.040		84.677		12533
5.577		87.375		10.485		84.677		12533
5.617		88.000		10.560		84.677		12533
5.529		86.625		10.395		84.677		12533
4.005		62.750		7.530		84.677		12533
5.114		80.125		9.615		84.677		12533
4.005		62.750		7.530		84.677		12533
5.689		89.125		10.695		84.677		12533
5.625		88.125		10.575		84.677		12533
5.138		80.500		9.660		84.677		12533
5.944		93.125		11.175		84.677		12533
5.346		83.750		10.050		84.677		12533
5.920		92.750		11.130		84.677		12533
6.016		94.250		11.310		84.677		12533
5.067		79.375		9.525		84.677		12533
5.442		85.250		10.230		84.677		12533
2.968		93.000		5.753		84.677		12533
EPOCH: 2
/Users/hhullen/PROJECTS/CPP7_MLP-0/datasets/emnist-letters/emnist-letters-test.csv
LINES: 14801
PRECISION	RECALL		F-MEASURE	AVG-ACC		ANSS
5.373		84.250		10.101		84.758		12545
5.763		90.375		10.836		84.758		12545
5.859		91.875		11.015		84.758		12545
5.548		87.000		10.431		84.758		12545
5.612		88.000		10.551		84.758		12545
5.572		87.375		10.476		84.758		12545
4.026		63.125		7.568		84.758		12545
5.110		80.125		9.607		84.758		12545
4.018		63.000		7.553		84.758		12545
5.668		88.875		10.656		84.758		12545
5.628		88.250		10.581		84.758		12545
5.110		80.125		9.607		84.758		12545
5.947		93.250		11.180		84.758		12545
5.365		84.125		10.086		84.758		12545
5.915		92.750		11.120		84.758		12545
6.010		94.250		11.300		84.758		12545
5.046		79.125		9.487		84.758		12545
5.452		85.500		10.251		84.758		12545
2.981		93.500		5.778		84.758		12545
EPOCH: 3
/Users/hhullen/PROJECTS/CPP7_MLP-0/datasets/emnist-letters/emnist-letters-test.csv
LINES: 14801
PRECISION	RECALL		F-MEASURE	AVG-ACC		ANSS
5.393		84.625		10.140		84.812		12553
5.744		90.125		10.799		84.812		12553
5.855		91.875		11.009		84.812		12553
5.529		86.750		10.395		84.812		12553
5.608		88.000		10.544		84.812		12553
5.592		87.750		10.514		84.812		12553
4.079		64.000		7.669		84.812		12553
5.106		80.125		9.601		84.812		12553
4.031		63.250		7.579		84.812		12553
5.656		88.750		10.634		84.812		12553
5.624		88.250		10.574		84.812		12553
5.059		79.375		9.511		84.812		12553
5.967		93.625		11.218		84.812		12553
5.377		84.375		10.110		84.812		12553
5.903		92.625		11.099		84.812		12553
6.014		94.375		11.308		84.812		12553
5.051		79.250		9.496		84.812		12553
5.441		85.375		10.230		84.812		12553
2.971		93.250		5.759		84.812		12553
EPOCH: 4
/Users/hhullen/PROJECTS/CPP7_MLP-0/datasets/emnist-letters/emnist-letters-test.csv
LINES: 14801
PRECISION	RECALL		F-MEASURE	AVG-ACC		ANSS
5.386		84.500		10.127		84.792		12550
5.729		89.875		10.772		84.792		12550
5.865		92.000		11.026		84.792		12550
5.530		86.750		10.397		84.792		12550
5.586		87.625		10.502		84.792		12550
5.602		87.875		10.532		84.792		12550
4.104		64.375		7.715		84.792		12550
5.124		80.375		9.633		84.792		12550
4.064		63.750		7.640		84.792		12550
5.657		88.750		10.637		84.792		12550
5.625		88.250		10.577		84.792		12550
5.012		78.625		9.423		84.792		12550
5.976		93.750		11.236		84.792		12550
5.378		84.375		10.112		84.792		12550
5.904		92.625		11.101		84.792		12550
6.008		94.250		11.296		84.792		12550
5.012		78.625		9.423		84.792		12550
5.466		85.750		10.277		84.792		12550
2.972		93.250		5.761		84.792		12550
EPOCH: 5
/Users/hhullen/PROJECTS/CPP7_MLP-0/datasets/emnist-letters/emnist-letters-test.csv
LINES: 14801
PRECISION	RECALL		F-MEASURE	AVG-ACC		ANSS
5.380		84.500		10.117		84.886		12564
5.731		90.000		10.775		84.886		12564
5.866		92.125		11.030		84.886		12564
5.524		86.750		10.386		84.886		12564
5.579		87.625		10.491		84.886		12564
5.571		87.500		10.476		84.886		12564
4.131		64.875		7.767		84.886		12564
5.150		80.875		9.683		84.886		12564
4.171		65.500		7.842		84.886		12564
5.651		88.750		10.626		84.886		12564
5.627		88.375		10.581		84.886		12564
4.943		77.625		9.294		84.886		12564
5.969		93.750		11.224		84.886		12564
5.388		84.625		10.132		84.886		12564
5.898		92.625		11.089		84.886		12564
6.009		94.375		11.299		84.886		12564
4.998		78.500		9.398		84.886		12564
5.452		85.625		10.251		84.886		12564
2.961		93.000		5.739		84.886		12564
EPOCH: 6
/Users/hhullen/PROJECTS/CPP7_MLP-0/datasets/emnist-letters/emnist-letters-test.csv
LINES: 14801
PRECISION	RECALL		F-MEASURE	AVG-ACC		ANSS
5.393		84.625		10.140		84.812		12553
5.752		90.250		10.814		84.812		12553
5.887		92.375		11.069		84.812		12553
5.521		86.625		10.380		84.812		12553
5.560		87.250		10.455		84.812		12553
5.568		87.375		10.470		84.812		12553
4.134		64.875		7.774		84.812		12553
5.138		80.625		9.661		84.812		12553
4.190		65.750		7.878		84.812		12553
5.640		88.500		10.604		84.812		12553
5.608		88.000		10.544		84.812		12553
4.915		77.125		9.241		84.812		12553
5.983		93.875		11.248		84.812		12553
5.433		85.250		10.215		84.812		12553
5.887		92.375		11.069		84.812		12553
6.022		94.500		11.323		84.812		12553
4.947		77.625		9.301		84.812		12553
5.465		85.750		10.275		84.812		12553
2.955		92.750		5.728		84.812		12553
EPOCH: 7
/Users/hhullen/PROJECTS/CPP7_MLP-0/datasets/emnist-letters/emnist-letters-test.csv
LINES: 14801
PRECISION	RECALL		F-MEASURE	AVG-ACC		ANSS
5.387		84.500		10.128		84.785		12549
5.738		90.000		10.787		84.785		12549
5.889		92.375		11.072		84.785		12549
5.522		86.625		10.383		84.785		12549
5.530		86.750		10.398		84.785		12549
5.562		87.250		10.458		84.785		12549
4.128		64.750		7.761		84.785		12549
5.132		80.500		9.649		84.785		12549
4.223		66.250		7.941		84.785		12549
5.642		88.500		10.608		84.785		12549
5.618		88.125		10.563		84.785		12549
4.901		76.875		9.214		84.785		12549
5.985		93.875		11.252		84.785		12549
5.443		85.375		10.233		84.785		12549
5.897		92.500		11.087		84.785		12549
6.040		94.750		11.357		84.785		12549
4.925		77.250		9.259		84.785		12549
5.483		86.000		10.308		84.785		12549
2.956		92.750		5.730		84.785		12549
EPOCH: 8
/Users/hhullen/PROJECTS/CPP7_MLP-0/datasets/emnist-letters/emnist-letters-test.csv
LINES: 14801
PRECISION	RECALL		F-MEASURE	AVG-ACC		ANSS
5.383		84.500		10.122		84.839		12557
5.734		90.000		10.781		84.839		12557
5.877		92.250		11.050		84.839		12557
5.511		86.500		10.362		84.839		12557
5.527		86.750		10.392		84.839		12557
5.598		87.875		10.526		84.839		12557
4.141		65.000		7.786		84.839		12557
5.145		80.750		9.673		84.839		12557
4.221		66.250		7.936		84.839		12557
5.638		88.500		10.601		84.839		12557
5.614		88.125		10.556		84.839		12557
4.906		77.000		9.224		84.839		12557
5.981		93.875		11.245		84.839		12557
5.423		85.125		10.197		84.839		12557
5.893		92.500		11.080		84.839		12557
6.036		94.750		11.350		84.839		12557
4.922		77.250		9.254		84.839		12557
5.487		86.125		10.317		84.839		12557
2.962		93.000		5.742		84.839		12557
EPOCH: 9
/Users/hhullen/PROJECTS/CPP7_MLP-0/datasets/emnist-letters/emnist-letters-test.csv
LINES: 14801
PRECISION	RECALL		F-MEASURE	AVG-ACC		ANSS
5.385		84.500		10.125		84.812		12553
5.720		89.750		10.754		84.812		12553
5.887		92.375		11.069		84.812		12553
5.513		86.500		10.365		84.812		12553
5.521		86.625		10.380		84.812		12553
5.592		87.750		10.514		84.812		12553
4.150		65.125		7.803		84.812		12553
5.162		81.000		9.706		84.812		12553
4.230		66.375		7.953		84.812		12553
5.624		88.250		10.574		84.812		12553
5.616		88.125		10.559		84.812		12553
4.891		76.750		9.196		84.812		12553
5.991		94.000		11.263		84.812		12553
5.393		84.625		10.140		84.812		12553
5.895		92.500		11.084		84.812		12553
6.038		94.750		11.353		84.812		12553
4.923		77.250		9.256		84.812		12553
5.505		86.375		10.350		84.812		12553
2.963		93.000		5.744		84.812		12553
EPOCH: 10
/Users/hhullen/PROJECTS/CPP7_MLP-0/datasets/emnist-letters/emnist-letters-test.csv
LINES: 14801
PRECISION	RECALL		F-MEASURE	AVG-ACC		ANSS
5.376		84.375		10.108		84.832		12556
5.702		89.500		10.722		84.832		12556
5.894		92.500		11.081		84.832		12556
5.503		86.375		10.347		84.832		12556
5.519		86.625		10.377		84.832		12556
5.599		87.875		10.527		84.832		12556
4.173		65.500		7.847		84.832		12556
5.193		81.500		9.763		84.832		12556
4.229		66.375		7.951		84.832		12556
5.615		88.125		10.557		84.832		12556
5.607		88.000		10.542		84.832		12556
4.874		76.500		9.164		84.832		12556
5.989		94.000		11.261		84.832		12556
5.400		84.750		10.153		84.832		12556
5.910		92.750		11.111		84.832		12556
6.029		94.625		11.336		84.832		12556
4.890		76.750		9.194		84.832		12556
5.535		86.875		10.407		84.832		12556
2.963		93.000		5.743		84.832		12556
EPOCH: 11
/Users/hhullen/PROJECTS/CPP7_MLP-0/datasets/emnist-letters/emnist-letters-test.csv
LINES: 14801
PRECISION	RECALL		F-MEASURE	AVG-ACC		ANSS
5.369		84.250		10.095		84.812		12553
5.688		89.250		10.694		84.812		12553
5.911		92.750		11.114		84.812		12553
5.497		86.250		10.335		84.812		12553
5.529		86.750		10.395		84.812		12553
5.600		87.875		10.529		84.812		12553
4.198		65.875		7.893		84.812		12553
5.210		81.750		9.796		84.812		12553
4.238		66.500		7.968		84.812		12553
5.624		88.250		10.574		84.812		12553
5.584		87.625		10.500		84.812		12553
4.875		76.500		9.166		84.812		12553
5.975		93.750		11.233		84.812		12553
5.385		84.500		10.125		84.812		12553
5.935		93.125		11.159		84.812		12553
6.022		94.500		11.323		84.812		12553
4.859		76.250		9.137		84.812		12553
5.537		86.875		10.410		84.812		12553
2.963		93.000		5.744		84.812		12553
EPOCH: 12
/Users/hhullen/PROJECTS/CPP7_MLP-0/datasets/emnist-letters/emnist-letters-test.csv
LINES: 14801
PRECISION	RECALL		F-MEASURE	AVG-ACC		ANSS
5.368		84.250		10.092		84.839		12557
5.646		88.625		10.616		84.839		12557
5.909		92.750		11.110		84.839		12557
5.495		86.250		10.332		84.839		12557
5.519		86.625		10.377		84.839		12557
5.583		87.625		10.496		84.839		12557
4.221		66.250		7.936		84.839		12557
5.232		82.125		9.838		84.839		12557
4.213		66.125		7.921		84.839		12557
5.662		88.875		10.646		84.839		12557
5.591		87.750		10.511		84.839		12557
4.874		76.500		9.164		84.839		12557
5.957		93.500		11.200		84.839		12557
5.375		84.375		10.107		84.839		12557
5.949		93.375		11.185		84.839		12557
6.005		94.250		11.290		84.839		12557
4.882		76.625		9.179		84.839		12557
5.559		87.250		10.451		84.839		12557
2.962		93.000		5.742		84.839		12557
EPOCH: 13
/Users/hhullen/PROJECTS/CPP7_MLP-0/datasets/emnist-letters/emnist-letters-test.csv
LINES: 14801
PRECISION	RECALL		F-MEASURE	AVG-ACC		ANSS
5.361		84.125		10.080		84.812		12553
5.632		88.375		10.589		84.812		12553
5.911		92.750		11.114		84.812		12553
5.473		85.875		10.290		84.812		12553
5.505		86.375		10.350		84.812		12553
5.568		87.375		10.470		84.812		12553
4.238		66.500		7.968		84.812		12553
5.266		82.625		9.900		84.812		12553
4.238		66.500		7.968		84.812		12553
5.664		88.875		10.649		84.812		12553
5.592		87.750		10.514		84.812		12553
4.843		76.000		9.107		84.812		12553
5.951		93.375		11.188		84.812		12553
5.385		84.500		10.125		84.812		12553
5.951		93.375		11.188		84.812		12553
6.014		94.375		11.308		84.812		12553
4.859		76.250		9.137		84.812		12553
5.584		87.625		10.500		84.812		12553
2.963		93.000		5.744		84.812		12553
EPOCH: 14
/Users/hhullen/PROJECTS/CPP7_MLP-0/datasets/emnist-letters/emnist-letters-test.csv
LINES: 14801
PRECISION	RECALL		F-MEASURE	AVG-ACC		ANSS
5.360		84.125		10.077		84.839		12557
5.646		88.625		10.616		84.839		12557
5.901		92.625		11.095		84.839		12557
5.487		86.125		10.317		84.839		12557
5.487		86.125		10.317		84.839		12557
5.567		87.375		10.466		84.839		12557
4.237		66.500		7.966		84.839		12557
5.296		83.125		9.957		84.839		12557
4.261		66.875		8.011		84.839		12557
5.654		88.750		10.631		84.839		12557
5.591		87.750		10.511		84.839		12557
4.826		75.750		9.074		84.839		12557
5.933		93.125		11.155		84.839		12557
5.375		84.375		10.107		84.839		12557
5.957		93.500		11.200		84.839		12557
6.013		94.375		11.305		84.839		12557
4.850		76.125		9.119		84.839		12557
5.598		87.875		10.526		84.839		12557
2.962		93.000		5.742		84.839		12557
EPOCH: 15
/Users/hhullen/PROJECTS/CPP7_MLP-0/datasets/emnist-letters/emnist-letters-test.csv
LINES: 14801
PRECISION	RECALL		F-MEASURE	AVG-ACC		ANSS
5.311		83.375		9.986		84.852		12559
5.645		88.625		10.615		84.852		12559
5.900		92.625		11.094		84.852		12559
5.510		86.500		10.360		84.852		12559
5.518		86.625		10.375		84.852		12559
5.558		87.250		10.450		84.852		12559
4.260		66.875		8.010		84.852		12559
5.279		82.875		9.926		84.852		12559
4.292		67.375		8.069		84.852		12559
5.653		88.750		10.630		84.852		12559
5.566		87.375		10.465		84.852		12559
4.817		75.625		9.058		84.852		12559
5.940		93.250		11.169		84.852		12559
5.375		84.375		10.106		84.852		12559
5.972		93.750		11.228		84.852		12559
6.012		94.375		11.303		84.852		12559
4.809		75.500		9.043		84.852		12559
5.629		88.375		10.585		84.852		12559
2.954		92.750		5.726		84.852		12559
EPOCH: 16
/Users/hhullen/PROJECTS/CPP7_MLP-0/datasets/emnist-letters/emnist-letters-test.csv
LINES: 14801
PRECISION	RECALL		F-MEASURE	AVG-ACC		ANSS
5.306		83.250		9.975		84.812		12553
5.632		88.375		10.589		84.812		12553
5.871		92.125		11.039		84.812		12553
5.521		86.625		10.380		84.812		12553
5.529		86.750		10.395		84.812		12553
5.560		87.250		10.455		84.812		12553
4.254		66.750		7.998		84.812		12553
5.282		82.875		9.930		84.812		12553
4.310		67.625		8.103		84.812		12553
5.656		88.750		10.634		84.812		12553
5.560		87.250		10.455		84.812		12553
4.820		75.625		9.062		84.812		12553
5.943		93.250		11.174		84.812		12553
5.361		84.125		10.080		84.812		12553
5.975		93.750		11.233		84.812		12553
6.014		94.375		11.308		84.812		12553
4.796		75.250		9.017		84.812		12553
5.640		88.500		10.604		84.812		12553
2.971		93.250		5.759		84.812		12553
EPOCH: 17
/Users/hhullen/PROJECTS/CPP7_MLP-0/datasets/emnist-letters/emnist-letters-test.csv
LINES: 14801
PRECISION	RECALL		F-MEASURE	AVG-ACC		ANSS
5.301		83.125		9.967		84.751		12544
5.636		88.375		10.597		84.751		12544
5.883		92.250		11.061		84.751		12544
5.533		86.750		10.402		84.751		12544
5.533		86.750		10.402		84.751		12544
5.548		87.000		10.432		84.751		12544
4.257		66.750		8.004		84.751		12544
5.277		82.750		9.922		84.751		12544
4.305		67.500		8.094		84.751		12544
5.668		88.875		10.656		84.751		12544
5.548		87.000		10.432		84.751		12544
4.807		75.375		9.038		84.751		12544
5.955		93.375		11.196		84.751		12544
5.333		83.625		10.027		84.751		12544
5.987		93.875		11.256		84.751		12544
6.019		94.375		11.316		84.751		12544
4.783		75.000		8.993		84.751		12544
5.652		88.625		10.626		84.751		12544
2.974		93.250		5.763		84.751		12544
EPOCH: 18
/Users/hhullen/PROJECTS/CPP7_MLP-0/datasets/emnist-letters/emnist-letters-test.csv
LINES: 14801
PRECISION	RECALL		F-MEASURE	AVG-ACC		ANSS
5.292		83.000		9.950		84.771		12547
5.643		88.500		10.609		84.771		12547
5.866		92.000		11.029		84.771		12547
5.531		86.750		10.399		84.771		12547
5.523		86.625		10.384		84.771		12547
5.547		87.000		10.429		84.771		12547
4.272		67.000		8.032		84.771		12547
5.292		83.000		9.950		84.771		12547
4.312		67.625		8.107		84.771		12547
5.643		88.500		10.609		84.771		12547
5.539		86.875		10.414		84.771		12547
4.790		75.125		9.006		84.771		12547
5.962		93.500		11.209		84.771		12547
5.324		83.500		10.010		84.771		12547
6.009		94.250		11.298		84.771		12547
6.017		94.375		11.313		84.771		12547
4.798		75.250		9.021		84.771		12547
5.667		88.875		10.654		84.771		12547
2.973		93.250		5.762		84.771		12547
EPOCH: 19
/Users/hhullen/PROJECTS/CPP7_MLP-0/datasets/emnist-letters/emnist-letters-test.csv
LINES: 14801
PRECISION	RECALL		F-MEASURE	AVG-ACC		ANSS
5.262		82.500		9.894		84.738		12542
5.637		88.375		10.598		84.738		12542
5.844		91.625		10.988		84.738		12542
5.541		86.875		10.418		84.738		12542
5.533		86.750		10.403		84.738		12542
5.573		87.375		10.478		84.738		12542
4.290		67.250		8.065		84.738		12542
5.278		82.750		9.924		84.738		12542
4.314		67.625		8.110		84.738		12542
5.629		88.250		10.583		84.738		12542
5.557		87.125		10.448		84.738		12542
4.792		75.125		9.009		84.738		12542
5.972		93.625		11.228		84.738		12542
5.302		83.125		9.969		84.738		12542
6.012		94.250		11.303		84.738		12542
6.028		94.500		11.333		84.738		12542
4.792		75.125		9.009		84.738		12542
5.669		88.875		10.658		84.738		12542
2.974		93.250		5.764		84.738		12542
EPOCH: 20
/Users/hhullen/PROJECTS/CPP7_MLP-0/datasets/emnist-letters/emnist-letters-test.csv
LINES: 14801
PRECISION	RECALL		F-MEASURE	AVG-ACC		ANSS
5.257		82.375		9.884		84.690		12535
5.640		88.375		10.604		84.690		12535
5.848		91.625		10.994		84.690		12535
5.544		86.875		10.424		84.690		12535
5.529		86.625		10.394		84.690		12535
5.576		87.375		10.484		84.690		12535
4.300		67.375		8.084		84.690		12535
5.289		82.875		9.944		84.690		12535
4.316		67.625		8.114		84.690		12535
5.624		88.125		10.574		84.690		12535
5.568		87.250		10.469		84.690		12535
4.763		74.625		8.954		84.690		12535
5.959		93.375		11.204		84.690		12535
5.289		82.875		9.944		84.690		12535
6.039		94.625		11.354		84.690		12535
6.039		94.625		11.354		84.690		12535
4.779		74.875		8.984		84.690		12535
5.672		88.875		10.664		84.690		12535
2.968		93.000		5.752		84.690		12535
EPOCH: 21
/Users/hhullen/PROJECTS/CPP7_MLP-0/datasets/emnist-letters/emnist-letters-test.csv
LINES: 14801
PRECISION	RECALL		F-MEASURE	AVG-ACC		ANSS
5.228		81.875		9.828		84.650		12529
5.651		88.500		10.623		84.650		12529
5.858		91.750		11.014		84.650		12529
5.547		86.875		10.428		84.650		12529
5.531		86.625		10.398		84.650		12529
5.571		87.250		10.473		84.650		12529
4.302		67.375		8.088		84.650		12529
5.292		82.875		9.948		84.650		12529
4.334		67.875		8.148		84.650		12529
5.619		88.000		10.563		84.650		12529
5.595		87.625		10.518		84.650		12529
4.725		74.000		8.883		84.650		12529
5.962		93.375		11.209		84.650		12529
5.284		82.750		9.933		84.650		12529
6.042		94.625		11.359		84.650		12529
6.050		94.750		11.374		84.650		12529
4.765		74.625		8.958		84.650		12529
5.667		88.750		10.653		84.650		12529
2.977		93.250		5.770		84.650		12529
EPOCH: 22
/Users/hhullen/PROJECTS/CPP7_MLP-0/datasets/emnist-letters/emnist-letters-test.csv
LINES: 14801
PRECISION	RECALL		F-MEASURE	AVG-ACC		ANSS
5.230		81.875		9.831		84.623		12525
5.645		88.375		10.612		84.623		12525
5.868		91.875		11.032		84.623		12525
5.533		86.625		10.402		84.623		12525
5.525		86.500		10.386		84.623		12525
5.565		87.125		10.462		84.623		12525
4.303		67.375		8.090		84.623		12525
5.293		82.875		9.951		84.623		12525
4.335		67.875		8.150		84.623		12525
5.621		88.000		10.567		84.623		12525
5.589		87.500		10.507		84.623		12525
4.735		74.125		8.901		84.623		12525
5.972		93.500		11.227		84.623		12525
5.301		83.000		9.966		84.623		12525
6.044		94.625		11.362		84.623		12525
6.052		94.750		11.377		84.623		12525
4.750		74.375		8.931		84.623		12525
5.653		88.500		10.627		84.623		12525
2.986		93.500		5.787		84.623		12525
EPOCH: 23
/Users/hhullen/PROJECTS/CPP7_MLP-0/datasets/emnist-letters/emnist-letters-test.csv
LINES: 14801
PRECISION	RECALL		F-MEASURE	AVG-ACC		ANSS
5.253		82.250		9.876		84.623		12525
5.645		88.375		10.612		84.623		12525
5.876		92.000		11.047		84.623		12525
5.533		86.625		10.402		84.623		12525
5.517		86.375		10.371		84.623		12525
5.589		87.500		10.507		84.623		12525
4.295		67.250		8.075		84.623		12525
5.293		82.875		9.951		84.623		12525
4.351		68.125		8.180		84.623		12525
5.613		87.875		10.552		84.623		12525
5.581		87.375		10.492		84.623		12525
4.703		73.625		8.841		84.623		12525
5.972		93.500		11.227		84.623		12525
5.293		82.875		9.951		84.623		12525
6.044		94.625		11.362		84.623		12525
6.068		95.000		11.407		84.623		12525
4.743		74.250		8.916		84.623		12525
5.645		88.375		10.612		84.623		12525
2.986		93.500		5.787		84.623		12525
EPOCH: 24
/Users/hhullen/PROJECTS/CPP7_MLP-0/datasets/emnist-letters/emnist-letters-test.csv
LINES: 14801
PRECISION	RECALL		F-MEASURE	AVG-ACC		ANSS
5.252		82.250		9.874		84.643		12528
5.635		88.250		10.594		84.643		12528
5.883		92.125		11.059		84.643		12528
5.532		86.625		10.399		84.643		12528
5.540		86.750		10.414		84.643		12528
5.587		87.500		10.504		84.643		12528
4.318		67.625		8.118		84.643		12528
5.316		83.250		9.994		84.643		12528
4.350		68.125		8.178		84.643		12528
5.635		88.250		10.594		84.643		12528
5.587		87.500		10.504		84.643		12528
4.662		73.000		8.764		84.643		12528
5.955		93.250		11.194		84.643		12528
5.292		82.875		9.949		84.643		12528
6.058		94.875		11.390		84.643		12528
6.066		95.000		11.405		84.643		12528
4.709		73.750		8.854		84.643		12528
5.635		88.250		10.594		84.643		12528
2.985		93.500		5.786		84.643		12528
EPOCH: 25
/Users/hhullen/PROJECTS/CPP7_MLP-0/datasets/emnist-letters/emnist-letters-test.csv
LINES: 14801
PRECISION	RECALL		F-MEASURE	AVG-ACC		ANSS
5.286		82.750		9.938		84.609		12523
5.638		88.250		10.598		84.609		12523
5.885		92.125		11.064		84.609		12523
5.526		86.500		10.388		84.609		12523
5.510		86.250		10.358		84.609		12523
5.574		87.250		10.478		84.609		12523
4.328		67.750		8.136		84.609		12523
5.318		83.250		9.998		84.609		12523
4.384		68.625		8.241		84.609		12523
5.622		88.000		10.568		84.609		12523
5.614		87.875		10.553		84.609		12523
4.623		72.375		8.692		84.609		12523
5.957		93.250		11.199		84.609		12523
5.286		82.750		9.938		84.609		12523
6.053		94.750		11.379		84.609		12523
6.069		95.000		11.409		84.609		12523
4.711		73.750		8.857		84.609		12523
5.630		88.125		10.583		84.609		12523
2.987		93.500		5.788		84.609		12523
EPOCH: 26
/Users/hhullen/PROJECTS/CPP7_MLP-0/datasets/emnist-letters/emnist-letters-test.csv
LINES: 14801
PRECISION	RECALL		F-MEASURE	AVG-ACC		ANSS
5.330		83.375		10.020		84.548		12514
5.650		88.375		10.620		84.548		12514
5.897		92.250		11.086		84.548		12514
5.530		86.500		10.395		84.548		12514
5.506		86.125		10.350		84.548		12514
5.602		87.625		10.530		84.548		12514
4.331		67.750		8.142		84.548		12514
5.314		83.125		9.989		84.548		12514
4.371		68.375		8.217		84.548		12514
5.610		87.750		10.545		84.548		12514
5.618		87.875		10.560		84.548		12514
4.587		71.750		8.623		84.548		12514
5.953		93.125		11.191		84.548		12514
5.258		82.250		9.884		84.548		12514
6.041		94.500		11.356		84.548		12514
6.081		95.125		11.432		84.548		12514
4.699		73.500		8.833		84.548		12514
5.642		88.250		10.605		84.548		12514
2.981		93.250		5.777		84.548		12514
EPOCH: 27
/Users/hhullen/PROJECTS/CPP7_MLP-0/datasets/emnist-letters/emnist-letters-test.csv
LINES: 14801
PRECISION	RECALL		F-MEASURE	AVG-ACC		ANSS
5.340		83.500		10.038		84.521		12510
5.651		88.375		10.624		84.521		12510
5.907		92.375		11.104		84.521		12510
5.532		86.500		10.398		84.521		12510
5.508		86.125		10.353		84.521		12510
5.604		87.625		10.533		84.521		12510
4.349		68.000		8.174		84.521		12510
5.316		83.125		9.992		84.521		12510
4.349		68.000		8.174		84.521		12510
5.588		87.375		10.503		84.521		12510
5.627		88.000		10.579		84.521		12510
4.604		72.000		8.655		84.521		12510
5.955		93.125		11.195		84.521		12510
5.268		82.375		9.902		84.521		12510
6.035		94.375		11.345		84.521		12510
6.083		95.125		11.435		84.521		12510
4.692		73.375		8.820		84.521		12510
5.620		87.875		10.563		84.521		12510
2.974		93.000		5.763		84.521		12510
EPOCH: 28
/Users/hhullen/PROJECTS/CPP7_MLP-0/datasets/emnist-letters/emnist-letters-test.csv
LINES: 14801
PRECISION	RECALL		F-MEASURE	AVG-ACC		ANSS
5.334		83.500		10.027		84.616		12524
5.653		88.500		10.627		84.616		12524
5.909		92.500		11.108		84.616		12524
5.533		86.625		10.402		84.616		12524
5.493		86.000		10.327		84.616		12524
5.589		87.500		10.507		84.616		12524
4.352		68.125		8.181		84.616		12524
5.326		83.375		10.012		84.616		12524
4.352		68.125		8.181		84.616		12524
5.581		87.375		10.492		84.616		12524
5.629		88.125		10.582		84.616		12524
4.599		72.000		8.646		84.616		12524
5.965		93.375		11.213		84.616		12524
5.262		82.375		9.892		84.616		12524
6.036		94.500		11.348		84.616		12524
6.084		95.250		11.438		84.616		12524
4.711		73.750		8.856		84.616		12524
5.621		88.000		10.567		84.616		12524
2.970		93.000		5.757		84.616		12524
EPOCH: 29
/Users/hhullen/PROJECTS/CPP7_MLP-0/datasets/emnist-letters/emnist-letters-test.csv
LINES: 14801
PRECISION	RECALL		F-MEASURE	AVG-ACC		ANSS
5.327		83.375		10.014		84.602		12522
5.662		88.625		10.644		84.602		12522
5.910		92.500		11.109		84.602		12522
5.550		86.875		10.434		84.602		12522
5.486		85.875		10.314		84.602		12522
5.590		87.500		10.509		84.602		12522
4.368		68.375		8.212		84.602		12522
5.327		83.375		10.014		84.602		12522
4.320		67.625		8.122		84.602		12522
5.574		87.250		10.479		84.602		12522
5.630		88.125		10.584		84.602		12522
4.608		72.125		8.662		84.602		12522
5.966		93.375		11.215		84.602		12522
5.271		82.500		9.908		84.602		12522
6.029		94.375		11.335		84.602		12522
6.085		95.250		11.440		84.602		12522
4.704		73.625		8.843		84.602		12522
5.630		88.125		10.584		84.602		12522
2.963		92.750		5.742		84.602		12522
EPOCH: 30
/Users/hhullen/PROJECTS/CPP7_MLP-0/datasets/emnist-letters/emnist-letters-test.csv
LINES: 14801
PRECISION	RECALL		F-MEASURE	AVG-ACC		ANSS
5.330		83.375		10.019		84.555		12515
5.649		88.375		10.620		84.555		12515
5.897		92.250		11.085		84.555		12515
5.537		86.625		10.409		84.555		12515
5.513		86.250		10.364		84.555		12515
5.593		87.500		10.514		84.555		12515
4.371		68.375		8.216		84.555		12515
5.314		83.125		9.989		84.555		12515
4.347		68.000		8.171		84.555		12515
5.577		87.250		10.484		84.555		12515
5.633		88.125		10.590		84.555		12515
4.626		72.375		8.697		84.555		12515
5.969		93.375		11.220		84.555		12515
5.266		82.375		9.899		84.555		12515
6.033		94.375		11.341		84.555		12515
6.073		95.000		11.416		84.555		12515
4.674		73.125		8.787		84.555		12515
5.633		88.125		10.590		84.555		12515
2.964		92.750		5.745		84.555		12515
EPOCH: 31
/Users/hhullen/PROJECTS/CPP7_MLP-0/datasets/emnist-letters/emnist-letters-test.csv
LINES: 14801
PRECISION	RECALL		F-MEASURE	AVG-ACC		ANSS
5.295		82.875		9.954		84.596		12521
5.631		88.125		10.585		84.596		12521
5.886		92.125		11.065		84.596		12521
5.527		86.500		10.390		84.596		12521
5.543		86.750		10.420		84.596		12521
5.599		87.625		10.525		84.596		12521
4.369		68.375		8.213		84.596		12521
5.319		83.250		9.999		84.596		12521
4.377		68.500		8.228		84.596		12521
5.567		87.125		10.465		84.596		12521
5.655		88.500		10.630		84.596		12521
4.592		71.875		8.633		84.596		12521
5.990		93.750		11.260		84.596		12521
5.255		82.250		9.879		84.596		12521
6.054		94.750		11.381		84.596		12521
6.070		95.000		11.411		84.596		12521
4.680		73.250		8.798		84.596		12521
5.639		88.250		10.600		84.596		12521
2.955		92.500		5.727		84.596		12521
EPOCH: 32
/Users/hhullen/PROJECTS/CPP7_MLP-0/datasets/emnist-letters/emnist-letters-test.csv
LINES: 14801
PRECISION	RECALL		F-MEASURE	AVG-ACC		ANSS
5.298		82.875		9.959		84.548		12514
5.626		88.000		10.575		84.548		12514
5.881		92.000		11.056		84.548		12514
5.530		86.500		10.395		84.548		12514
5.546		86.750		10.425		84.548		12514
5.610		87.750		10.545		84.548		12514
4.379		68.500		8.232		84.548		12514
5.322		83.250		10.005		84.548		12514
4.371		68.375		8.217		84.548		12514
5.562		87.000		10.455		84.548		12514
5.682		88.875		10.680		84.548		12514
4.603		72.000		8.653		84.548		12514
6.009		94.000		11.296		84.548		12514
5.218		81.625		9.809		84.548		12514
6.057		94.750		11.387		84.548		12514
6.073		95.000		11.417		84.548		12514
4.627		72.375		8.698		84.548		12514
5.642		88.250		10.605		84.548		12514
2.965		92.750		5.746		84.548		12514
EPOCH: 33
/Users/hhullen/PROJECTS/CPP7_MLP-0/datasets/emnist-letters/emnist-letters-test.csv
LINES: 14801
PRECISION	RECALL		F-MEASURE	AVG-ACC		ANSS
5.301		82.875		9.965		84.494		12506
5.629		88.000		10.582		84.494		12506
5.877		91.875		11.048		84.494		12506
5.525		86.375		10.386		84.494		12506
5.557		86.875		10.446		84.494		12506
5.621		87.875		10.567		84.494		12506
4.422		69.125		8.312		84.494		12506
5.325		83.250		10.011		84.494		12506
4.382		68.500		8.237		84.494		12506
5.549		86.750		10.431		84.494		12506
5.709		89.250		10.732		84.494		12506
4.582		71.625		8.613		84.494		12506
6.037		94.375		11.348		84.494		12506
5.206		81.375		9.785		84.494		12506
6.045		94.500		11.363		84.494		12506
6.069		94.875		11.408		84.494		12506
4.574		71.500		8.598		84.494		12506
5.621		87.875		10.567		84.494		12506
2.967		92.750		5.749		84.494		12506
EPOCH: 34
/Users/hhullen/PROJECTS/CPP7_MLP-0/datasets/emnist-letters/emnist-letters-test.csv
LINES: 14801
PRECISION	RECALL		F-MEASURE	AVG-ACC		ANSS
5.268		82.375		9.902		84.521		12510
5.627		88.000		10.579		84.521		12510
5.867		91.750		11.029		84.521		12510
5.532		86.500		10.398		84.521		12510
5.572		87.125		10.473		84.521		12510
5.627		88.000		10.579		84.521		12510
4.436		69.375		8.340		84.521		12510
5.308		83.000		9.977		84.521		12510
4.412		69.000		8.295		84.521		12510
5.532		86.500		10.398		84.521		12510
5.747		89.875		10.804		84.521		12510
4.556		71.250		8.565		84.521		12510
6.043		94.500		11.360		84.521		12510
5.196		81.250		9.767		84.521		12510
6.043		94.500		11.360		84.521		12510
6.067		94.875		11.405		84.521		12510
4.564		71.375		8.580		84.521		12510
5.620		87.875		10.563		84.521		12510
2.982		93.250		5.778		84.521		12510
EPOCH: 35
/Users/hhullen/PROJECTS/CPP7_MLP-0/datasets/emnist-letters/emnist-letters-test.csv
LINES: 14801
PRECISION	RECALL		F-MEASURE	AVG-ACC		ANSS
5.247		82.000		9.862		84.474		12503
5.615		87.750		10.554		84.474		12503
5.863		91.625		11.020		84.474		12503
5.535		86.500		10.404		84.474		12503
5.583		87.250		10.494		84.474		12503
5.647		88.250		10.614		84.474		12503
4.431		69.250		8.329		84.474		12503
5.295		82.750		9.953		84.474		12503
4.439		69.375		8.344		84.474		12503
5.535		86.500		10.404		84.474		12503
5.767		90.125		10.840		84.474		12503
4.535		70.875		8.524		84.474		12503
6.023		94.125		11.321		84.474		12503
5.199		81.250		9.772		84.474		12503
6.047		94.500		11.366		84.474		12503
6.071		94.875		11.411		84.474		12503
4.567		71.375		8.585		84.474		12503
5.615		87.750		10.554		84.474		12503
2.991		93.500		5.797		84.474		12503
EPOCH: 36
/Users/hhullen/PROJECTS/CPP7_MLP-0/datasets/emnist-letters/emnist-letters-test.csv
LINES: 14801
PRECISION	RECALL		F-MEASURE	AVG-ACC		ANSS
5.255		82.125		9.878		84.467		12502
5.615		87.750		10.555		84.467		12502
5.871		91.750		11.036		84.467		12502
5.527		86.375		10.389		84.467		12502
5.575		87.125		10.480		84.467		12502
5.679		88.750		10.675		84.467		12502
4.407		68.875		8.284		84.467		12502
5.327		83.250		10.014		84.467		12502
4.447		69.500		8.360		84.467		12502
5.527		86.375		10.389		84.467		12502
5.751		89.875		10.810		84.467		12502
4.487		70.125		8.435		84.467		12502
6.023		94.125		11.322		84.467		12502
5.207		81.375		9.788		84.467		12502
6.055		94.625		11.382		84.467		12502
6.063		94.750		11.397		84.467		12502
4.559		71.250		8.570		84.467		12502
5.615		87.750		10.555		84.467		12502
3.008		94.000		5.829		84.467		12502
EPOCH: 37
/Users/hhullen/PROJECTS/CPP7_MLP-0/datasets/emnist-letters/emnist-letters-test.csv
LINES: 14801
PRECISION	RECALL		F-MEASURE	AVG-ACC		ANSS
5.270		82.375		9.907		84.481		12504
5.622		87.875		10.568		84.481		12504
5.878		91.875		11.049		84.481		12504
5.526		86.375		10.388		84.481		12504
5.574		87.125		10.478		84.481		12504
5.678		88.750		10.673		84.481		12504
4.431		69.250		8.328		84.481		12504
5.326		83.250		10.012		84.481		12504
4.447		69.500		8.358		84.481		12504
5.510		86.125		10.358		84.481		12504
5.718		89.375		10.749		84.481		12504
4.431		69.250		8.328		84.481		12504
6.022		94.125		11.320		84.481		12504
5.230		81.750		9.832		84.481		12504
6.054		94.625		11.380		84.481		12504
6.054		94.625		11.380		84.481		12504
4.559		71.250		8.569		84.481		12504
5.654		88.375		10.628		84.481		12504
3.015		94.250		5.843		84.481		12504
EPOCH: 38
/Users/hhullen/PROJECTS/CPP7_MLP-0/datasets/emnist-letters/emnist-letters-test.csv
LINES: 14801
PRECISION	RECALL		F-MEASURE	AVG-ACC		ANSS
5.255		82.125		9.877		84.474		12503
5.631		88.000		10.584		84.474		12503
5.879		91.875		11.050		84.474		12503
5.527		86.375		10.389		84.474		12503
5.591		87.375		10.509		84.474		12503
5.671		88.625		10.659		84.474		12503
4.423		69.125		8.314		84.474		12503
5.327		83.250		10.013		84.474		12503
4.479		70.000		8.419		84.474		12503
5.511		86.125		10.359		84.474		12503
5.703		89.125		10.719		84.474		12503
4.423		69.125		8.314		84.474		12503
6.023		94.125		11.321		84.474		12503
5.247		82.000		9.862		84.474		12503
6.055		94.625		11.381		84.474		12503
6.055		94.625		11.381		84.474		12503
4.559		71.250		8.569		84.474		12503
5.639		88.125		10.599		84.474		12503
3.007		94.000		5.828		84.474		12503
EPOCH: 39
/Users/hhullen/PROJECTS/CPP7_MLP-0/datasets/emnist-letters/emnist-letters-test.csv
LINES: 14801
PRECISION	RECALL		F-MEASURE	AVG-ACC		ANSS
5.249		82.000		9.866		84.440		12498
5.633		88.000		10.588		84.440		12498
5.873		91.750		11.039		84.440		12498
5.521		86.250		10.378		84.440		12498
5.601		87.500		10.528		84.440		12498
5.681		88.750		10.678		84.440		12498
4.409		68.875		8.287		84.440		12498
5.337		83.375		10.032		84.440		12498
4.497		70.250		8.452		84.440		12498
5.529		86.375		10.393		84.440		12498
5.673		88.625		10.663		84.440		12498
4.377		68.375		8.227		84.440		12498
6.057		94.625		11.385		84.440		12498
5.241		81.875		9.851		84.440		12498
6.049		94.500		11.370		84.440		12498
6.049		94.500		11.370		84.440		12498
4.585		71.625		8.618		84.440		12498
5.641		88.125		10.603		84.440		12498
3.000		93.750		5.815		84.440		12498
IN A ROW IS: 6
