1 UPLOADED
/Users/hhullen/PROJECTS/CPP7_MLP-0/datasets/emnist-letters/emnist-letters-train.csv
LINES: 88801
TESTING: 0 1
EPOCH: 0
/Users/hhullen/PROJECTS/CPP7_MLP-0/datasets/emnist-letters/emnist-letters-test.csv
LINES: 14801
PRECISION	RECALL		F-MEASURE	AVG-ACC		ANSS
5.419		85.000		10.189		84.778		12548
5.714		89.625		10.743		84.778		12548
5.730		89.875		10.773		84.778		12548
5.658		88.750		10.638		84.778		12548
5.762		90.375		10.833		84.778		12548
5.467		85.750		10.279		84.778		12548
3.650		57.250		6.862		84.778		12548
5.547		87.000		10.429		84.778		12548
4.558		71.500		8.571		84.778		12548
5.443		85.375		10.234		84.778		12548
5.403		84.750		10.159		84.778		12548
4.694		73.625		8.825		84.778		12548
5.929		93.000		11.148		84.778		12548
5.260		82.500		9.889		84.778		12548
6.041		94.750		11.358		84.778		12548
5.977		93.750		11.238		84.778		12548
5.196		81.500		9.769		84.778		12548
5.595		87.750		10.518		84.778		12548
2.957		92.750		5.731		84.778		12548
EPOCH: 1
/Users/hhullen/PROJECTS/CPP7_MLP-0/datasets/emnist-letters/emnist-letters-test.csv
LINES: 14801
PRECISION	RECALL		F-MEASURE	AVG-ACC		ANSS
5.345		83.875		10.049		84.819		12554
5.799		91.000		10.903		84.819		12554
5.759		90.375		10.828		84.819		12554
5.616		88.125		10.559		84.819		12554
5.783		90.750		10.873		84.819		12554
5.512		86.500		10.364		84.819		12554
3.927		61.625		7.384		84.819		12554
5.480		86.000		10.304		84.819		12554
4.596		72.125		8.642		84.819		12554
5.528		86.750		10.394		84.819		12554
5.377		84.375		10.109		84.819		12554
4.588		72.000		8.627		84.819		12554
5.950		93.375		11.188		84.819		12554
5.369		84.250		10.094		84.819		12554
6.046		94.875		11.367		84.819		12554
5.982		93.875		11.248		84.819		12554
4.851		76.125		9.121		84.819		12554
5.536		86.875		10.409		84.819		12554
2.955		92.750		5.728		84.819		12554
EPOCH: 2
/Users/hhullen/PROJECTS/CPP7_MLP-0/datasets/emnist-letters/emnist-letters-test.csv
LINES: 14801
PRECISION	RECALL		F-MEASURE	AVG-ACC		ANSS
5.350		84.000		10.059		84.866		12561
5.788		90.875		10.882		84.866		12561
5.740		90.125		10.793		84.866		12561
5.668		89.000		10.658		84.866		12561
5.764		90.500		10.838		84.866		12561
5.493		86.250		10.329		84.866		12561
3.941		61.875		7.410		84.866		12561
5.501		86.375		10.344		84.866		12561
4.641		72.875		8.727		84.866		12561
5.390		84.625		10.134		84.866		12561
5.406		84.875		10.164		84.866		12561
4.538		71.250		8.532		84.866		12561
5.907		92.750		11.107		84.866		12561
5.310		83.375		9.984		84.866		12561
6.058		95.125		11.391		84.866		12561
6.003		94.250		11.287		84.866		12561
4.960		77.875		9.326		84.866		12561
5.565		87.375		10.463		84.866		12561
2.977		93.500		5.771		84.866		12561
EPOCH: 3
/Users/hhullen/PROJECTS/CPP7_MLP-0/datasets/emnist-letters/emnist-letters-test.csv
LINES: 14801
PRECISION	RECALL		F-MEASURE	AVG-ACC		ANSS
5.417		85.125		10.186		84.933		12571
5.783		90.875		10.874		84.933		12571
5.743		90.250		10.799		84.933		12571
5.648		88.750		10.620		84.933		12571
5.743		90.250		10.799		84.933		12571
5.481		86.125		10.306		84.933		12571
4.041		63.500		7.599		84.933		12571
5.433		85.375		10.216		84.933		12571
4.630		72.750		8.705		84.933		12571
5.481		86.125		10.306		84.933		12571
5.362		84.250		10.082		84.933		12571
4.534		71.250		8.526		84.933		12571
5.950		93.500		11.188		84.933		12571
5.354		84.125		10.067		84.933		12571
6.093		95.750		11.458		84.933		12571
5.934		93.250		11.158		84.933		12571
4.940		77.625		9.289		84.933		12571
5.465		85.875		10.276		84.933		12571
2.967		93.250		5.751		84.933		12571
EPOCH: 4
/Users/hhullen/PROJECTS/CPP7_MLP-0/datasets/emnist-letters/emnist-letters-test.csv
LINES: 14801
PRECISION	RECALL		F-MEASURE	AVG-ACC		ANSS
5.398		84.750		10.149		84.866		12561
5.724		89.875		10.763		84.866		12561
5.732		90.000		10.778		84.866		12561
5.660		88.875		10.643		84.866		12561
5.764		90.500		10.838		84.866		12561
5.525		86.750		10.388		84.866		12561
4.124		64.750		7.754		84.866		12561
5.374		84.375		10.104		84.866		12561
4.657		73.125		8.757		84.866		12561
5.453		85.625		10.254		84.866		12561
5.461		85.750		10.269		84.866		12561
4.466		70.125		8.398		84.866		12561
5.987		94.000		11.257		84.866		12561
5.342		83.875		10.044		84.866		12561
6.066		95.250		11.406		84.866		12561
5.963		93.625		11.212		84.866		12561
4.832		75.875		9.086		84.866		12561
5.509		86.500		10.359		84.866		12561
2.962		93.000		5.740		84.866		12561
EPOCH: 5
/Users/hhullen/PROJECTS/CPP7_MLP-0/datasets/emnist-letters/emnist-letters-test.csv
LINES: 14801
PRECISION	RECALL		F-MEASURE	AVG-ACC		ANSS
5.353		84.125		10.066		84.940		12572
5.830		91.625		10.963		84.940		12572
5.735		90.125		10.784		84.940		12572
5.600		88.000		10.529		84.940		12572
5.727		90.000		10.769		84.940		12572
5.616		88.250		10.559		84.940		12572
4.112		64.625		7.733		84.940		12572
5.425		85.250		10.200		84.940		12572
4.590		72.125		8.630		84.940		12572
5.457		85.750		10.260		84.940		12572
5.385		84.625		10.126		84.940		12572
4.526		71.125		8.510		84.940		12572
5.910		92.875		11.113		84.940		12572
5.385		84.625		10.126		84.940		12572
6.053		95.125		11.382		84.940		12572
5.902		92.750		11.098		84.940		12572
4.852		76.250		9.124		84.940		12572
5.544		87.125		10.425		84.940		12572
2.999		94.250		5.813		84.940		12572
EPOCH: 6
/Users/hhullen/PROJECTS/CPP7_MLP-0/datasets/emnist-letters/emnist-letters-test.csv
LINES: 14801
PRECISION	RECALL		F-MEASURE	AVG-ACC		ANSS
5.378		84.625		10.113		85.055		12589
5.791		91.125		10.890		85.055		12589
5.759		90.625		10.830		85.055		12589
5.648		88.875		10.621		85.055		12589
5.656		89.000		10.636		85.055		12589
5.521		86.875		10.382		85.055		12589
4.170		65.625		7.842		85.055		12589
5.409		85.125		10.173		85.055		12589
4.552		71.625		8.559		85.055		12589
5.497		86.500		10.337		85.055		12589
5.425		85.375		10.202		85.055		12589
4.480		70.500		8.425		85.055		12589
5.894		92.750		11.084		85.055		12589
5.394		84.875		10.143		85.055		12589
6.069		95.500		11.412		85.055		12589
5.942		93.500		11.173		85.055		12589
4.909		77.250		9.231		85.055		12589
5.529		87.000		10.397		85.055		12589
2.979		93.750		5.774		85.055		12589
EPOCH: 7
/Users/hhullen/PROJECTS/CPP7_MLP-0/datasets/emnist-letters/emnist-letters-test.csv
LINES: 14801
PRECISION	RECALL		F-MEASURE	AVG-ACC		ANSS
5.364		84.375		10.086		85.028		12585
5.840		91.875		10.982		85.028		12585
5.753		90.500		10.818		85.028		12585
5.483		86.250		10.310		85.028		12585
5.737		90.250		10.788		85.028		12585
5.570		87.625		10.474		85.028		12585
4.283		67.375		8.054		85.028		12585
5.371		84.500		10.101		85.028		12585
4.537		71.375		8.532		85.028		12585
5.475		86.125		10.295		85.028		12585
5.435		85.500		10.220		85.028		12585
4.593		72.250		8.637		85.028		12585
5.928		93.250		11.147		85.028		12585
5.427		85.375		10.205		85.028		12585
6.071		95.500		11.416		85.028		12585
5.912		93.000		11.117		85.028		12585
4.736		74.500		8.905		85.028		12585
5.491		86.375		10.325		85.028		12585
2.996		94.250		5.807		85.028		12585
EPOCH: 8
/Users/hhullen/PROJECTS/CPP7_MLP-0/datasets/emnist-letters/emnist-letters-test.csv
LINES: 14801
PRECISION	RECALL		F-MEASURE	AVG-ACC		ANSS
5.389		84.875		10.134		85.129		12600
5.817		91.625		10.940		85.129		12600
5.754		90.625		10.821		85.129		12600
5.540		87.250		10.418		85.129		12600
5.683		89.500		10.687		85.129		12600
5.556		87.500		10.448		85.129		12600
4.286		67.500		8.060		85.129		12600
5.381		84.750		10.119		85.129		12600
4.540		71.500		8.537		85.129		12600
5.484		86.375		10.313		85.129		12600
5.389		84.875		10.134		85.129		12600
4.556		71.750		8.567		85.129		12600
5.913		93.125		11.119		85.129		12600
5.373		84.625		10.104		85.129		12600
6.040		95.125		11.358		85.129		12600
5.865		92.375		11.030		85.129		12600
4.897		77.125		9.209		85.129		12600
5.563		87.625		10.463		85.129		12600
2.976		93.750		5.769		85.129		12600
EPOCH: 9
/Users/hhullen/PROJECTS/CPP7_MLP-0/datasets/emnist-letters/emnist-letters-test.csv
LINES: 14801
PRECISION	RECALL		F-MEASURE	AVG-ACC		ANSS
5.512		86.750		10.365		85.069		12591
5.774		90.875		10.858		85.069		12591
5.782		91.000		10.873		85.069		12591
5.544		87.250		10.425		85.069		12591
5.671		89.250		10.664		85.069		12591
5.544		87.250		10.425		85.069		12591
4.178		65.750		7.856		85.069		12591
5.456		85.875		10.261		85.069		12591
4.559		71.750		8.573		85.069		12591
5.472		86.125		10.290		85.069		12591
5.361		84.375		10.081		85.069		12591
4.527		71.250		8.513		85.069		12591
5.885		92.625		11.067		85.069		12591
5.345		84.125		10.052		85.069		12591
6.060		95.375		11.396		85.069		12591
5.949		93.625		11.187		85.069		12591
4.892		77.000		9.200		85.069		12591
5.512		86.750		10.365		85.069		12591
2.978		93.750		5.773		85.069		12591
EPOCH: 10
/Users/hhullen/PROJECTS/CPP7_MLP-0/datasets/emnist-letters/emnist-letters-test.csv
LINES: 14801
PRECISION	RECALL		F-MEASURE	AVG-ACC		ANSS
5.423		85.250		10.197		84.967		12576
5.781		90.875		10.870		84.967		12576
5.709		89.750		10.736		84.967		12576
5.542		87.125		10.422		84.967		12576
5.646		88.750		10.616		84.967		12576
5.622		88.375		10.571		84.967		12576
4.254		66.875		7.999		84.967		12576
5.455		85.750		10.257		84.967		12576
4.501		70.750		8.463		84.967		12576
5.487		86.250		10.317		84.967		12576
5.463		85.875		10.272		84.967		12576
4.668		73.375		8.777		84.967		12576
5.908		92.875		11.109		84.967		12576
5.320		83.625		10.003		84.967		12576
6.083		95.625		11.438		84.967		12576
5.924		93.125		11.139		84.967		12576
4.668		73.375		8.777		84.967		12576
5.566		87.500		10.467		84.967		12576
2.982		93.750		5.780		84.967		12576
EPOCH: 11
/Users/hhullen/PROJECTS/CPP7_MLP-0/datasets/emnist-letters/emnist-letters-test.csv
LINES: 14801
PRECISION	RECALL		F-MEASURE	AVG-ACC		ANSS
5.433		85.500		10.217		85.055		12589
5.799		91.250		10.904		85.055		12589
5.799		91.250		10.904		85.055		12589
5.497		86.500		10.337		85.055		12589
5.624		88.500		10.576		85.055		12589
5.632		88.625		10.591		85.055		12589
4.353		68.500		8.186		85.055		12589
5.425		85.375		10.202		85.055		12589
4.599		72.375		8.649		85.055		12589
5.545		87.250		10.426		85.055		12589
5.378		84.625		10.113		85.055		12589
4.464		70.250		8.395		85.055		12589
5.886		92.625		11.069		85.055		12589
5.441		85.625		10.232		85.055		12589
6.045		95.125		11.368		85.055		12589
5.918		93.125		11.129		85.055		12589
4.687		73.750		8.813		85.055		12589
5.497		86.500		10.337		85.055		12589
2.979		93.750		5.774		85.055		12589
EPOCH: 12
/Users/hhullen/PROJECTS/CPP7_MLP-0/datasets/emnist-letters/emnist-letters-test.csv
LINES: 14801
PRECISION	RECALL		F-MEASURE	AVG-ACC		ANSS
5.450		85.750		10.249		85.042		12587
5.776		90.875		10.861		85.042		12587
5.800		91.250		10.906		85.042		12587
5.482		86.250		10.309		85.042		12587
5.617		88.375		10.562		85.042		12587
5.657		89.000		10.637		85.042		12587
4.385		69.000		8.247		85.042		12587
5.450		85.750		10.249		85.042		12587
4.505		70.875		8.471		85.042		12587
5.522		86.875		10.383		85.042		12587
5.379		84.625		10.114		85.042		12587
4.632		72.875		8.710		85.042		12587
5.895		92.750		11.085		85.042		12587
5.379		84.625		10.114		85.042		12587
6.078		95.625		11.429		85.042		12587
5.935		93.375		11.160		85.042		12587
4.695		73.875		8.829		85.042		12587
5.387		84.750		10.129		85.042		12587
2.979		93.750		5.775		85.042		12587
EPOCH: 13
/Users/hhullen/PROJECTS/CPP7_MLP-0/datasets/emnist-letters/emnist-letters-test.csv
LINES: 14801
PRECISION	RECALL		F-MEASURE	AVG-ACC		ANSS
5.379		84.500		10.114		84.913		12568
5.673		89.125		10.667		84.913		12568
5.800		91.125		10.907		84.913		12568
5.586		87.750		10.503		84.913		12568
5.562		87.375		10.458		84.913		12568
5.594		87.875		10.518		84.913		12568
4.392		69.000		8.259		84.913		12568
5.514		86.625		10.368		84.913		12568
4.424		69.500		8.318		84.913		12568
5.458		85.750		10.263		84.913		12568
5.395		84.750		10.144		84.913		12568
4.599		72.250		8.648		84.913		12568
5.872		92.250		11.041		84.913		12568
5.347		84.000		10.054		84.913		12568
6.023		94.625		11.326		84.913		12568
5.912		92.875		11.116		84.913		12568
4.917		77.250		9.246		84.913		12568
5.586		87.750		10.503		84.913		12568
2.968		93.250		5.753		84.913		12568
EPOCH: 14
/Users/hhullen/PROJECTS/CPP7_MLP-0/datasets/emnist-letters/emnist-letters-test.csv
LINES: 14801
PRECISION	RECALL		F-MEASURE	AVG-ACC		ANSS
5.373		84.500		10.103		85.008		12582
5.786		91.000		10.880		85.008		12582
5.738		90.250		10.791		85.008		12582
5.587		87.875		10.507		85.008		12582
5.683		89.375		10.686		85.008		12582
5.643		88.750		10.611		85.008		12582
4.204		66.125		7.906		85.008		12582
5.420		85.250		10.193		85.008		12582
4.538		71.375		8.534		85.008		12582
5.595		88.000		10.522		85.008		12582
5.357		84.250		10.073		85.008		12582
4.451		70.000		8.369		85.008		12582
5.881		92.500		11.060		85.008		12582
5.405		85.000		10.163		85.008		12582
6.024		94.750		11.329		85.008		12582
5.913		93.000		11.119		85.008		12582
4.888		76.875		9.191		85.008		12582
5.556		87.375		10.447		85.008		12582
2.957		93.000		5.731		85.008		12582
EPOCH: 15
/Users/hhullen/PROJECTS/CPP7_MLP-0/datasets/emnist-letters/emnist-letters-test.csv
LINES: 14801
PRECISION	RECALL		F-MEASURE	AVG-ACC		ANSS
5.403		84.875		10.159		84.906		12567
5.761		90.500		10.833		84.906		12567
5.713		89.750		10.743		84.906		12567
5.634		88.500		10.593		84.906		12567
5.729		90.000		10.773		84.906		12567
5.713		89.750		10.743		84.906		12567
4.321		67.875		8.124		84.906		12567
5.379		84.500		10.114		84.906		12567
4.472		70.250		8.409		84.906		12567
5.483		86.125		10.309		84.906		12567
5.419		85.125		10.189		84.906		12567
4.575		71.875		8.603		84.906		12567
5.873		92.250		11.042		84.906		12567
5.379		84.500		10.114		84.906		12567
6.056		95.125		11.386		84.906		12567
5.904		92.750		11.102		84.906		12567
4.679		73.500		8.798		84.906		12567
5.530		86.875		10.399		84.906		12567
2.976		93.500		5.768		84.906		12567
EPOCH: 16
/Users/hhullen/PROJECTS/CPP7_MLP-0/datasets/emnist-letters/emnist-letters-test.csv
LINES: 14801
PRECISION	RECALL		F-MEASURE	AVG-ACC		ANSS
5.394		84.750		10.143		84.920		12569
5.712		89.750		10.741		84.920		12569
5.792		91.000		10.891		84.920		12569
5.537		87.000		10.412		84.920		12569
5.657		88.875		10.637		84.920		12569
5.712		89.750		10.741		84.920		12569
4.392		69.000		8.258		84.920		12569
5.434		85.375		10.218		84.920		12569
4.447		69.875		8.363		84.920		12569
5.458		85.750		10.263		84.920		12569
5.498		86.375		10.337		84.920		12569
4.551		71.500		8.557		84.920		12569
5.943		93.375		11.175		84.920		12569
5.402		84.875		10.158		84.920		12569
6.078		95.500		11.429		84.920		12569
5.888		92.500		11.070		84.920		12569
4.646		73.000		8.737		84.920		12569
5.490		86.250		10.322		84.920		12569
2.968		93.250		5.752		84.920		12569
EPOCH: 17
/Users/hhullen/PROJECTS/CPP7_MLP-0/datasets/emnist-letters/emnist-letters-test.csv
LINES: 14801
PRECISION	RECALL		F-MEASURE	AVG-ACC		ANSS
5.488		86.250		10.319		84.947		12573
5.782		90.875		10.873		84.947		12573
5.774		90.750		10.858		84.947		12573
5.631		88.500		10.588		84.947		12573
5.631		88.500		10.588		84.947		12573
5.711		89.750		10.738		84.947		12573
4.215		66.250		7.926		84.947		12573
5.440		85.500		10.230		84.947		12573
4.557		71.625		8.570		84.947		12573
5.520		86.750		10.379		84.947		12573
5.416		85.125		10.185		84.947		12573
4.486		70.500		8.435		84.947		12573
5.902		92.750		11.097		84.947		12573
5.408		85.000		10.170		84.947		12573
6.021		94.625		11.321		84.947		12573
5.894		92.625		11.082		84.947		12573
4.756		74.750		8.943		84.947		12573
5.400		84.875		10.155		84.947		12573
2.967		93.250		5.750		84.947		12573
EPOCH: 18
/Users/hhullen/PROJECTS/CPP7_MLP-0/datasets/emnist-letters/emnist-letters-test.csv
LINES: 14801
PRECISION	RECALL		F-MEASURE	AVG-ACC		ANSS
5.404		85.000		10.161		85.021		12584
5.753		90.500		10.819		85.021		12584
5.737		90.250		10.789		85.021		12584
5.610		88.250		10.550		85.021		12584
5.698		89.625		10.714		85.021		12584
5.674		89.250		10.669		85.021		12584
4.331		68.125		8.144		85.021		12584
5.428		85.375		10.206		85.021		12584
4.379		68.875		8.234		85.021		12584
5.586		87.875		10.505		85.021		12584
5.467		86.000		10.281		85.021		12584
4.553		71.625		8.562		85.021		12584
5.928		93.250		11.148		85.021		12584
5.380		84.625		10.117		85.021		12584
6.063		95.375		11.402		85.021		12584
5.896		92.750		11.088		85.021		12584
4.577		72.000		8.607		85.021		12584
5.563		87.500		10.460		85.021		12584
2.972		93.500		5.761		85.021		12584
EPOCH: 19
/Users/hhullen/PROJECTS/CPP7_MLP-0/datasets/emnist-letters/emnist-letters-test.csv
LINES: 14801
PRECISION	RECALL		F-MEASURE	AVG-ACC		ANSS
5.374		84.625		10.106		85.116		12598
5.715		90.000		10.748		85.116		12598
5.676		89.375		10.673		85.116		12598
5.572		87.750		10.479		85.116		12598
5.636		88.750		10.599		85.116		12598
5.660		89.125		10.643		85.116		12598
4.318		68.000		8.121		85.116		12598
5.493		86.500		10.330		85.116		12598
4.493		70.750		8.449		85.116		12598
5.429		85.500		10.210		85.116		12598
5.525		87.000		10.390		85.116		12598
4.517		71.125		8.494		85.116		12598
5.914		93.125		11.121		85.116		12598
5.421		85.375		10.196		85.116		12598
6.057		95.375		11.390		85.116		12598
5.930		93.375		11.151		85.116		12598
4.747		74.750		8.927		85.116		12598
5.556		87.500		10.449		85.116		12598
2.969		93.500		5.755		85.116		12598
EPOCH: 20
/Users/hhullen/PROJECTS/CPP7_MLP-0/datasets/emnist-letters/emnist-letters-test.csv
LINES: 14801
PRECISION	RECALL		F-MEASURE	AVG-ACC		ANSS
5.349		84.125		10.059		85.001		12581
5.763		90.625		10.836		85.001		12581
5.747		90.375		10.806		85.001		12581
5.628		88.500		10.582		85.001		12581
5.667		89.125		10.657		85.001		12581
5.699		89.625		10.717		85.001		12581
4.300		67.625		8.086		85.001		12581
5.437		85.500		10.223		85.001		12581
4.459		70.125		8.385		85.001		12581
5.508		86.625		10.358		85.001		12581
5.484		86.250		10.313		85.001		12581
4.483		70.500		8.430		85.001		12581
5.882		92.500		11.060		85.001		12581
5.413		85.125		10.179		85.001		12581
6.001		94.375		11.285		85.001		12581
5.858		92.125		11.016		85.001		12581
4.785		75.250		8.998		85.001		12581
5.564		87.500		10.463		85.001		12581
2.973		93.500		5.762		85.001		12581
EPOCH: 21
/Users/hhullen/PROJECTS/CPP7_MLP-0/datasets/emnist-letters/emnist-letters-test.csv
LINES: 14801
PRECISION	RECALL		F-MEASURE	AVG-ACC		ANSS
5.417		85.375		10.187		85.190		12609
5.726		90.250		10.769		85.190		12609
5.694		89.750		10.709		85.190		12609
5.607		88.375		10.545		85.190		12609
5.686		89.625		10.694		85.190		12609
5.631		88.750		10.590		85.190		12609
4.283		67.500		8.054		85.190		12609
5.417		85.375		10.187		85.190		12609
4.513		71.125		8.487		85.190		12609
5.520		87.000		10.381		85.190		12609
5.456		86.000		10.262		85.190		12609
4.513		71.125		8.487		85.190		12609
5.845		92.125		10.993		85.190		12609
5.488		86.500		10.321		85.190		12609
6.027		95.000		11.336		85.190		12609
5.853		92.250		11.008		85.190		12609
4.838		76.250		9.098		85.190		12609
5.528		87.125		10.396		85.190		12609
2.958		93.250		5.734		85.190		12609
EPOCH: 22
/Users/hhullen/PROJECTS/CPP7_MLP-0/datasets/emnist-letters/emnist-letters-test.csv
LINES: 14801
PRECISION	RECALL		F-MEASURE	AVG-ACC		ANSS
5.524		86.750		10.386		84.886		12564
5.786		90.875		10.880		84.886		12564
5.643		88.625		10.611		84.886		12564
5.476		86.000		10.296		84.886		12564
5.723		89.875		10.760		84.886		12564
5.675		89.125		10.670		84.886		12564
4.258		66.875		8.007		84.886		12564
5.436		85.375		10.221		84.886		12564
4.505		70.750		8.471		84.886		12564
5.564		87.375		10.461		84.886		12564
5.524		86.750		10.386		84.886		12564
4.513		70.875		8.485		84.886		12564
5.946		93.375		11.179		84.886		12564
5.460		85.750		10.266		84.886		12564
6.105		95.875		11.479		84.886		12564
5.890		92.500		11.075		84.886		12564
4.537		71.250		8.530		84.886		12564
5.468		85.875		10.281		84.886		12564
2.969		93.250		5.754		84.886		12564
EPOCH: 23
/Users/hhullen/PROJECTS/CPP7_MLP-0/datasets/emnist-letters/emnist-letters-test.csv
LINES: 14801
PRECISION	RECALL		F-MEASURE	AVG-ACC		ANSS
5.284		83.000		9.935		84.906		12567
5.825		91.500		10.952		84.906		12567
5.705		89.625		10.728		84.906		12567
5.538		87.000		10.414		84.906		12567
5.729		90.000		10.773		84.906		12567
5.650		88.750		10.623		84.906		12567
4.369		68.625		8.214		84.906		12567
5.427		85.250		10.204		84.906		12567
4.552		71.500		8.558		84.906		12567
5.538		87.000		10.414		84.906		12567
5.562		87.375		10.459		84.906		12567
4.448		69.875		8.364		84.906		12567
5.936		93.250		11.162		84.906		12567
5.411		85.000		10.174		84.906		12567
6.087		95.625		11.446		84.906		12567
5.833		91.625		10.967		84.906		12567
4.647		73.000		8.738		84.906		12567
5.491		86.250		10.324		84.906		12567
2.968		93.250		5.753		84.906		12567
EPOCH: 24
/Users/hhullen/PROJECTS/CPP7_MLP-0/datasets/emnist-letters/emnist-letters-test.csv
LINES: 14801
PRECISION	RECALL		F-MEASURE	AVG-ACC		ANSS
5.403		85.000		10.160		85.035		12586
5.752		90.500		10.817		85.035		12586
5.776		90.875		10.862		85.035		12586
5.641		88.750		10.608		85.035		12586
5.681		89.375		10.683		85.035		12586
5.633		88.625		10.593		85.035		12586
4.378		68.875		8.232		85.035		12586
5.411		85.125		10.175		85.035		12586
4.529		71.250		8.516		85.035		12586
5.514		86.750		10.369		85.035		12586
5.514		86.750		10.369		85.035		12586
4.473		70.375		8.412		85.035		12586
5.895		92.750		11.086		85.035		12586
5.474		86.125		10.294		85.035		12586
5.975		94.000		11.236		85.035		12586
5.927		93.250		11.146		85.035		12586
4.561		71.750		8.576		85.035		12586
5.474		86.125		10.294		85.035		12586
2.987		94.000		5.791		85.035		12586
EPOCH: 25
/Users/hhullen/PROJECTS/CPP7_MLP-0/datasets/emnist-letters/emnist-letters-test.csv
LINES: 14801
PRECISION	RECALL		F-MEASURE	AVG-ACC		ANSS
5.334		83.750		10.028		84.873		12562
5.708		89.625		10.732		84.873		12562
5.811		91.250		10.927		84.873		12562
5.684		89.250		10.687		84.873		12562
5.620		88.250		10.567		84.873		12562
5.660		88.875		10.642		84.873		12562
4.235		66.500		7.963		84.873		12562
5.485		86.125		10.313		84.873		12562
4.752		74.625		8.936		84.873		12562
5.580		87.625		10.492		84.873		12562
5.525		86.750		10.388		84.873		12562
4.155		65.250		7.813		84.873		12562
5.931		93.125		11.151		84.873		12562
5.437		85.375		10.223		84.873		12562
5.994		94.125		11.271		84.873		12562
5.931		93.125		11.151		84.873		12562
4.633		72.750		8.711		84.873		12562
5.541		87.000		10.418		84.873		12562
2.985		93.750		5.786		84.873		12562
EPOCH: 26
/Users/hhullen/PROJECTS/CPP7_MLP-0/datasets/emnist-letters/emnist-letters-test.csv
LINES: 14801
PRECISION	RECALL		F-MEASURE	AVG-ACC		ANSS
5.542		86.875		10.419		84.731		12541
5.630		88.250		10.584		84.731		12541
5.709		89.500		10.734		84.731		12541
5.669		88.875		10.659		84.731		12541
5.661		88.750		10.644		84.731		12541
5.709		89.500		10.734		84.731		12541
4.497		70.500		8.455		84.731		12541
5.534		86.750		10.404		84.731		12541
4.553		71.375		8.560		84.731		12541
5.566		87.250		10.464		84.731		12541
5.486		86.000		10.314		84.731		12541
4.314		67.625		8.110		84.731		12541
5.893		92.375		11.079		84.731		12541
5.414		84.875		10.179		84.731		12541
6.044		94.750		11.363		84.731		12541
5.964		93.500		11.214		84.731		12541
4.322		67.750		8.125		84.731		12541
5.518		86.500		10.374		84.731		12541
2.974		93.250		5.765		84.731		12541
EPOCH: 27
/Users/hhullen/PROJECTS/CPP7_MLP-0/datasets/emnist-letters/emnist-letters-test.csv
LINES: 14801
PRECISION	RECALL		F-MEASURE	AVG-ACC		ANSS
5.452		85.500		10.249		84.771		12547
5.722		89.750		10.759		84.771		12547
5.786		90.750		10.879		84.771		12547
5.587		87.625		10.504		84.771		12547
5.691		89.250		10.699		84.771		12547
5.643		88.500		10.609		84.771		12547
4.391		68.875		8.257		84.771		12547
5.444		85.375		10.235		84.771		12547
4.575		71.750		8.601		84.771		12547
5.603		87.875		10.534		84.771		12547
5.571		87.375		10.474		84.771		12547
4.344		68.125		8.167		84.771		12547
5.938		93.125		11.164		84.771		12547
5.428		85.125		10.205		84.771		12547
6.089		95.500		11.448		84.771		12547
5.890		92.375		11.074		84.771		12547
4.399		69.000		8.272		84.771		12547
5.475		85.875		10.294		84.771		12547
2.973		93.250		5.762		84.771		12547
EPOCH: 28
/Users/hhullen/PROJECTS/CPP7_MLP-0/datasets/emnist-letters/emnist-letters-test.csv
LINES: 14801
PRECISION	RECALL		F-MEASURE	AVG-ACC		ANSS
5.374		84.250		10.103		84.738		12542
5.765		90.375		10.838		84.738		12542
5.741		90.000		10.793		84.738		12542
5.765		90.375		10.838		84.738		12542
5.693		89.250		10.703		84.738		12542
5.661		88.750		10.643		84.738		12542
4.393		68.875		8.260		84.738		12542
5.462		85.625		10.268		84.738		12542
4.768		74.750		8.964		84.738		12542
5.478		85.875		10.298		84.738		12542
5.557		87.125		10.448		84.738		12542
4.234		66.375		7.960		84.738		12542
5.900		92.500		11.093		84.738		12542
5.494		86.125		10.328		84.738		12542
5.940		93.125		11.168		84.738		12542
5.884		92.250		11.063		84.738		12542
4.441		69.625		8.350		84.738		12542
5.478		85.875		10.298		84.738		12542
2.974		93.250		5.764		84.738		12542
EPOCH: 29
/Users/hhullen/PROJECTS/CPP7_MLP-0/datasets/emnist-letters/emnist-letters-test.csv
LINES: 14801
PRECISION	RECALL		F-MEASURE	AVG-ACC		ANSS
5.372		84.500		10.102		85.021		12584
5.777		90.875		10.864		85.021		12584
5.761		90.625		10.834		85.021		12584
5.642		88.750		10.610		85.021		12584
5.571		87.625		10.475		85.021		12584
5.650		88.875		10.625		85.021		12584
4.204		66.125		7.905		85.021		12584
5.475		86.125		10.296		85.021		12584
4.617		72.625		8.682		85.021		12584
5.435		85.500		10.221		85.021		12584
5.586		87.875		10.505		85.021		12584
4.434		69.750		8.338		85.021		12584
5.817		91.500		10.938		85.021		12584
5.539		87.125		10.415		85.021		12584
6.008		94.500		11.297		85.021		12584
5.920		93.125		11.133		85.021		12584
4.760		74.875		8.951		85.021		12584
5.459		85.875		10.266		85.021		12584
2.972		93.500		5.761		85.021		12584
EPOCH: 30
/Users/hhullen/PROJECTS/CPP7_MLP-0/datasets/emnist-letters/emnist-letters-test.csv
LINES: 14801
PRECISION	RECALL		F-MEASURE	AVG-ACC		ANSS
5.447		85.375		10.240		84.724		12540
5.781		90.625		10.870		84.724		12540
5.837		91.500		10.975		84.724		12540
5.614		88.000		10.555		84.724		12540
5.670		88.875		10.660		84.724		12540
5.702		89.375		10.720		84.724		12540
4.537		71.125		8.531		84.724		12540
5.486		86.000		10.315		84.724		12540
4.705		73.750		8.846		84.724		12540
5.582		87.500		10.495		84.724		12540
5.582		87.500		10.495		84.724		12540
4.131		64.750		7.766		84.724		12540
5.949		93.250		11.184		84.724		12540
5.431		85.125		10.210		84.724		12540
6.061		95.000		11.394		84.724		12540
5.973		93.625		11.229		84.724		12540
4.115		64.500		7.736		84.724		12540
5.415		84.875		10.180		84.724		12540
2.982		93.500		5.781		84.724		12540
EPOCH: 31
/Users/hhullen/PROJECTS/CPP7_MLP-0/datasets/emnist-letters/emnist-letters-test.csv
LINES: 14801
PRECISION	RECALL		F-MEASURE	AVG-ACC		ANSS
5.469		86.000		10.285		84.988		12579
5.740		90.250		10.793		84.988		12579
5.756		90.500		10.823		84.988		12579
5.620		88.375		10.569		84.988		12579
5.660		89.000		10.644		84.988		12579
5.676		89.250		10.673		84.988		12579
4.619		72.625		8.685		84.988		12579
5.446		85.625		10.240		84.988		12579
4.515		71.000		8.491		84.988		12579
5.573		87.625		10.479		84.988		12579
5.509		86.625		10.360		84.988		12579
4.452		70.000		8.371		84.988		12579
5.938		93.375		11.167		84.988		12579
5.469		86.000		10.285		84.988		12579
6.034		94.875		11.346		84.988		12579
5.891		92.625		11.077		84.988		12579
4.174		65.625		7.848		84.988		12579
5.485		86.250		10.315		84.988		12579
2.973		93.500		5.763		84.988		12579
EPOCH: 32
/Users/hhullen/PROJECTS/CPP7_MLP-0/datasets/emnist-letters/emnist-letters-test.csv
LINES: 14801
PRECISION	RECALL		F-MEASURE	AVG-ACC		ANSS
5.307		83.375		9.978		84.920		12569
5.728		90.000		10.771		84.920		12569
5.848		91.875		10.996		84.920		12569
5.617		88.250		10.562		84.920		12569
5.609		88.125		10.547		84.920		12569
5.625		88.375		10.577		84.920		12569
4.376		68.750		8.228		84.920		12569
5.490		86.250		10.322		84.920		12569
4.734		74.375		8.901		84.920		12569
5.585		87.750		10.502		84.920		12569
5.537		87.000		10.412		84.920		12569
4.145		65.125		7.794		84.920		12569
5.903		92.750		11.100		84.920		12569
5.450		85.625		10.248		84.920		12569
5.999		94.250		11.280		84.920		12569
5.943		93.375		11.175		84.920		12569
4.646		73.000		8.737		84.920		12569
5.474		86.000		10.292		84.920		12569
2.984		93.750		5.783		84.920		12569
EPOCH: 33
/Users/hhullen/PROJECTS/CPP7_MLP-0/datasets/emnist-letters/emnist-letters-test.csv
LINES: 14801
PRECISION	RECALL		F-MEASURE	AVG-ACC		ANSS
5.391		84.750		10.137		84.974		12577
5.749		90.375		10.810		84.974		12577
5.836		91.750		10.974		84.974		12577
5.510		86.625		10.361		84.974		12577
5.701		89.625		10.720		84.974		12577
5.677		89.250		10.675		84.974		12577
4.508		70.875		8.477		84.974		12577
5.438		85.500		10.227		84.974		12577
4.564		71.750		8.582		84.974		12577
5.629		88.500		10.585		84.974		12577
5.518		86.750		10.376		84.974		12577
4.333		68.125		8.148		84.974		12577
5.916		93.000		11.124		84.974		12577
5.510		86.625		10.361		84.974		12577
6.051		95.125		11.378		84.974		12577
5.947		93.500		11.183		84.974		12577
4.341		68.250		8.163		84.974		12577
5.423		85.250		10.197		84.974		12577
2.958		93.000		5.733		84.974		12577
EPOCH: 34
/Users/hhullen/PROJECTS/CPP7_MLP-0/datasets/emnist-letters/emnist-letters-test.csv
LINES: 14801
PRECISION	RECALL		F-MEASURE	AVG-ACC		ANSS
5.361		83.875		10.078		84.562		12516
5.769		90.250		10.844		84.562		12516
5.880		92.000		11.054		84.562		12516
5.697		89.125		10.709		84.562		12516
5.545		86.750		10.424		84.562		12516
5.689		89.000		10.694		84.562		12516
4.522		70.750		8.501		84.562		12516
5.505		86.125		10.348		84.562		12516
4.538		71.000		8.531		84.562		12516
5.473		85.625		10.288		84.562		12516
5.577		87.250		10.484		84.562		12516
4.386		68.625		8.246		84.562		12516
5.920		92.625		11.129		84.562		12516
5.513		86.250		10.363		84.562		12516
5.928		92.750		11.144		84.562		12516
5.952		93.125		11.190		84.562		12516
4.243		66.375		7.975		84.562		12516
5.521		86.375		10.378		84.562		12516
2.980		93.250		5.776		84.562		12516
EPOCH: 35
/Users/hhullen/PROJECTS/CPP7_MLP-0/datasets/emnist-letters/emnist-letters-test.csv
LINES: 14801
PRECISION	RECALL		F-MEASURE	AVG-ACC		ANSS
5.378		84.375		10.111		84.805		12552
5.816		91.250		10.935		84.805		12552
5.792		90.875		10.890		84.805		12552
5.641		88.500		10.605		84.805		12552
5.736		90.000		10.785		84.805		12552
5.664		88.875		10.650		84.805		12552
4.565		71.625		8.583		84.805		12552
5.465		85.750		10.276		84.805		12552
4.756		74.625		8.942		84.805		12552
5.481		86.000		10.306		84.805		12552
5.585		87.625		10.500		84.805		12552
4.167		65.375		7.834		84.805		12552
5.943		93.250		11.174		84.805		12552
5.577		87.500		10.485		84.805		12552
6.031		94.625		11.339		84.805		12552
5.903		92.625		11.099		84.805		12552
4.031		63.250		7.579		84.805		12552
5.473		85.875		10.291		84.805		12552
2.996		94.000		5.806		84.805		12552
EPOCH: 36
/Users/hhullen/PROJECTS/CPP7_MLP-0/datasets/emnist-letters/emnist-letters-test.csv
LINES: 14801
PRECISION	RECALL		F-MEASURE	AVG-ACC		ANSS
5.431		85.125		10.210		84.724		12540
5.805		91.000		10.915		84.724		12540
5.877		92.125		11.049		84.724		12540
5.574		87.375		10.480		84.724		12540
5.622		88.125		10.570		84.724		12540
5.734		89.875		10.780		84.724		12540
4.490		70.375		8.441		84.724		12540
5.383		84.375		10.120		84.724		12540
4.561		71.500		8.576		84.724		12540
5.574		87.375		10.480		84.724		12540
5.526		86.625		10.390		84.724		12540
4.195		65.750		7.886		84.724		12540
5.917		92.750		11.124		84.724		12540
5.534		86.750		10.405		84.724		12540
6.021		94.375		11.319		84.724		12540
5.861		91.875		11.019		84.724		12540
4.410		69.125		8.291		84.724		12540
5.502		86.250		10.345		84.724		12540
2.982		93.500		5.781		84.724		12540
EPOCH: 37
/Users/hhullen/PROJECTS/CPP7_MLP-0/datasets/emnist-letters/emnist-letters-test.csv
LINES: 14801
PRECISION	RECALL		F-MEASURE	AVG-ACC		ANSS
5.438		85.250		10.224		84.731		12541
5.861		91.875		11.019		84.731		12541
5.845		91.625		10.989		84.731		12541
5.486		86.000		10.314		84.731		12541
5.709		89.500		10.734		84.731		12541
5.709		89.500		10.734		84.731		12541
4.681		73.375		8.800		84.731		12541
5.406		84.750		10.164		84.731		12541
4.433		69.500		8.335		84.731		12541
5.606		87.875		10.539		84.731		12541
5.518		86.500		10.374		84.731		12541
4.473		70.125		8.410		84.731		12541
6.012		94.250		11.304		84.731		12541
5.414		84.875		10.179		84.731		12541
6.100		95.625		11.468		84.731		12541
5.933		93.000		11.154		84.731		12541
4.059		63.625		7.631		84.731		12541
5.366		84.125		10.089		84.731		12541
2.950		92.500		5.718		84.731		12541
EPOCH: 38
/Users/hhullen/PROJECTS/CPP7_MLP-0/datasets/emnist-letters/emnist-letters-test.csv
LINES: 14801
PRECISION	RECALL		F-MEASURE	AVG-ACC		ANSS
5.446		85.625		10.241		84.981		12578
5.796		91.125		10.898		84.981		12578
5.867		92.250		11.033		84.981		12578
5.510		86.625		10.360		84.981		12578
5.661		89.000		10.644		84.981		12578
5.645		88.750		10.614		84.981		12578
4.301		67.625		8.088		84.981		12578
5.430		85.375		10.211		84.981		12578
4.579		72.000		8.611		84.981		12578
5.573		87.625		10.480		84.981		125