1 UPLOADED
/Users/hhullen/PROJECTS/CPP7_MLP-0/datasets/emnist-letters/emnist-letters-train.csv
LINES: 88801
TESTING: 0 1
EPOCH: 0
/Users/hhullen/PROJECTS/CPP7_MLP-0/datasets/emnist-letters/emnist-letters-test.csv
LINES: 14801
PRECISION	RECALL		F-MEASURE	AVG-ACC		ANSS
5.408		85.125		10.169		85.082		12593
5.630		88.625		10.588		85.082		12593
5.813		91.500		10.931		85.082		12593
5.670		89.250		10.662		85.082		12593
5.829		91.750		10.961		85.082		12593
5.670		89.250		10.662		85.082		12593
4.471		70.375		8.407		85.082		12593
5.471		86.125		10.289		85.082		12593
4.606		72.500		8.661		85.082		12593
5.424		85.375		10.199		85.082		12593
5.440		85.625		10.229		85.082		12593
4.487		70.625		8.437		85.082		12593
5.892		92.750		11.080		85.082		12593
5.122		80.625		9.632		85.082		12593
5.908		93.000		11.110		85.082		12593
5.900		92.875		11.095		85.082		12593
4.757		74.875		8.945		85.082		12593
5.551		87.375		10.438		85.082		12593
2.954		93.000		5.726		85.082		12593
EPOCH: 1
/Users/hhullen/PROJECTS/CPP7_MLP-0/datasets/emnist-letters/emnist-letters-test.csv
LINES: 14801
PRECISION	RECALL		F-MEASURE	AVG-ACC		ANSS
5.128		80.625		9.643		84.981		12578
5.677		89.250		10.674		84.981		12578
5.764		90.625		10.839		84.981		12578
5.772		90.750		10.854		84.981		12578
5.867		92.250		11.033		84.981		12578
5.470		86.000		10.286		84.981		12578
4.253		66.875		7.998		84.981		12578
5.359		84.250		10.076		84.981		12578
4.635		72.875		8.716		84.981		12578
5.557		87.375		10.450		84.981		12578
5.438		85.500		10.226		84.981		12578
4.516		71.000		8.492		84.981		12578
5.907		92.875		11.108		84.981		12578
5.287		83.125		9.942		84.981		12578
5.915		93.000		11.123		84.981		12578
5.987		94.125		11.257		84.981		12578
4.858		76.375		9.134		84.981		12578
5.621		88.375		10.570		84.981		12578
2.989		94.000		5.794		84.981		12578
EPOCH: 2
/Users/hhullen/PROJECTS/CPP7_MLP-0/datasets/emnist-letters/emnist-letters-test.csv
LINES: 14801
PRECISION	RECALL		F-MEASURE	AVG-ACC		ANSS
5.280		83.125		9.930		85.089		12594
5.653		89.000		10.632		85.089		12594
5.709		89.875		10.736		85.089		12594
5.733		90.250		10.781		85.089		12594
5.916		93.125		11.124		85.089		12594
5.479		86.250		10.303		85.089		12594
4.462		70.250		8.392		85.089		12594
5.225		82.250		9.825		85.089		12594
4.177		65.750		7.854		85.089		12594
5.503		86.625		10.348		85.089		12594
5.566		87.625		10.467		85.089		12594
4.756		74.875		8.944		85.089		12594
5.995		94.375		11.274		85.089		12594
5.407		85.125		10.169		85.089		12594
5.868		92.375		11.035		85.089		12594
6.003		94.500		11.289		85.089		12594
4.772		75.125		8.974		85.089		12594
5.542		87.250		10.423		85.089		12594
2.954		93.000		5.726		85.089		12594
EPOCH: 3
/Users/hhullen/PROJECTS/CPP7_MLP-0/datasets/emnist-letters/emnist-letters-test.csv
LINES: 14801
PRECISION	RECALL		F-MEASURE	AVG-ACC		ANSS
5.380		84.625		10.117		85.015		12583
5.507		86.625		10.356		85.015		12583
5.881		92.500		11.059		85.015		12583
5.714		89.875		10.745		85.015		12583
5.873		92.375		11.044		85.015		12583
5.611		88.250		10.551		85.015		12583
4.617		72.625		8.683		85.015		12583
5.348		84.125		10.058		85.015		12583
4.411		69.375		8.294		85.015		12583
5.515		86.750		10.371		85.015		12583
5.476		86.125		10.297		85.015		12583
4.705		74.000		8.847		85.015		12583
5.952		93.625		11.193		85.015		12583
5.086		80.000		9.564		85.015		12583
5.929		93.250		11.148		85.015		12583
5.929		93.250		11.148		85.015		12583
4.673		73.500		8.787		85.015		12583
5.460		85.875		10.267		85.015		12583
2.933		92.250		5.684		85.015		12583
EPOCH: 4
/Users/hhullen/PROJECTS/CPP7_MLP-0/datasets/emnist-letters/emnist-letters-test.csv
LINES: 14801
PRECISION	RECALL		F-MEASURE	AVG-ACC		ANSS
5.296		83.250		9.959		84.960		12575
5.503		86.500		10.348		84.960		12575
5.662		89.000		10.647		84.960		12575
5.694		89.500		10.707		84.960		12575
5.845		91.875		10.991		84.960		12575
5.630		88.500		10.587		84.960		12575
4.095		64.375		7.701		84.960		12575
5.296		83.250		9.959		84.960		12575
3.833		60.250		7.207		84.960		12575
5.575		87.625		10.482		84.960		12575
5.551		87.250		10.437		84.960		12575
5.169		81.250		9.720		84.960		12575
6.012		94.500		11.305		84.960		12575
5.376		84.500		10.108		84.960		12575
5.924		93.125		11.140		84.960		12575
5.980		94.000		11.245		84.960		12575
5.018		78.875		9.436		84.960		12575
5.519		86.750		10.378		84.960		12575
3.022		95.000		5.857		84.960		12575
EPOCH: 5
/Users/hhullen/PROJECTS/CPP7_MLP-0/datasets/emnist-letters/emnist-letters-test.csv
LINES: 14801
PRECISION	RECALL		F-MEASURE	AVG-ACC		ANSS
5.077		79.750		9.547		84.900		12566
5.722		89.875		10.759		84.900		12566
5.801		91.125		10.908		84.900		12566
5.579		87.625		10.489		84.900		12566
5.865		92.125		11.028		84.900		12566
5.770		90.625		10.848		84.900		12566
4.297		67.500		8.080		84.900		12566
5.467		85.875		10.280		84.900		12566
4.178		65.625		7.856		84.900		12566
5.571		87.500		10.474		84.900		12566
5.690		89.375		10.699		84.900		12566
4.966		78.000		9.337		84.900		12566
5.976		93.875		11.237		84.900		12566
4.942		77.625		9.292		84.900		12566
5.897		92.625		11.088		84.900		12566
5.817		91.375		10.938		84.900		12566
5.021		78.875		9.442		84.900		12566
5.411		85.000		10.175		84.900		12566
2.952		92.750		5.723		84.900		12566
EPOCH: 6
/Users/hhullen/PROJECTS/CPP7_MLP-0/datasets/emnist-letters/emnist-letters-test.csv
LINES: 14801
PRECISION	RECALL		F-MEASURE	AVG-ACC		ANSS
5.215		82.000		9.806		84.988		12579
5.501		86.500		10.345		84.988		12579
5.787		91.000		10.883		84.988		12579
5.708		89.750		10.733		84.988		12579
5.732		90.125		10.778		84.988		12579
5.605		88.125		10.539		84.988		12579
4.038		63.500		7.594		84.988		12579
5.469		86.000		10.285		84.988		12579
4.086		64.250		7.684		84.988		12579
5.454		85.750		10.255		84.988		12579
5.302		83.375		9.971		84.988		12579
5.024		79.000		9.448		84.988		12579
6.002		94.375		11.286		84.988		12579
5.295		83.250		9.956		84.988		12579
5.843		91.875		10.987		84.988		12579
6.042		95.000		11.361		84.988		12579
5.239		82.375		9.851		84.988		12579
5.684		89.375		10.688		84.988		12579
2.973		93.500		5.763		84.988		12579
EPOCH: 7
/Users/hhullen/PROJECTS/CPP7_MLP-0/datasets/emnist-letters/emnist-letters-test.csv
LINES: 14801
PRECISION	RECALL		F-MEASURE	AVG-ACC		ANSS
5.378		84.125		10.110		84.542		12513
5.618		87.875		10.561		84.542		12513
5.786		90.500		10.877		84.542		12513
5.794		90.625		10.892		84.542		12513
5.794		90.625		10.892		84.542		12513
5.746		89.875		10.801		84.542		12513
4.507		70.500		8.473		84.542		12513
5.354		83.750		10.065		84.542		12513
4.371		68.375		8.218		84.542		12513
5.538		86.625		10.411		84.542		12513
5.394		84.375		10.140		84.542		12513
4.651		72.750		8.743		84.542		12513
6.066		94.875		11.402		84.542		12513
5.091		79.625		9.570		84.542		12513
5.786		90.500		10.877		84.542		12513
5.994		93.750		11.267		84.542		12513
4.707		73.625		8.848		84.542		12513
5.426		84.875		10.201		84.542		12513
2.997		93.750		5.808		84.542		12513
EPOCH: 8
/Users/hhullen/PROJECTS/CPP7_MLP-0/datasets/emnist-letters/emnist-letters-test.csv
LINES: 14801
PRECISION	RECALL		F-MEASURE	AVG-ACC		ANSS
5.326		84.000		10.017		85.244		12617
5.596		88.250		10.524		85.244		12617
5.778		91.125		10.867		85.244		12617
5.754		90.750		10.822		85.244		12617
5.818		91.750		10.941		85.244		12617
5.659		89.250		10.643		85.244		12617
4.280		67.500		8.049		85.244		12617
5.461		86.125		10.271		85.244		12617
4.296		67.750		8.079		85.244		12617
5.501		86.750		10.345		85.244		12617
5.461		86.125		10.271		85.244		12617
4.692		74.000		8.825		85.244		12617
5.968		94.125		11.225		85.244		12617
5.160		81.375		9.704		85.244		12617
5.754		90.750		10.822		85.244		12617
5.841		92.125		10.986		85.244		12617
5.160		81.375		9.704		85.244		12617
5.524		87.125		10.390		85.244		12617
2.972		93.750		5.762		85.244		12617
EPOCH: 9
/Users/hhullen/PROJECTS/CPP7_MLP-0/datasets/emnist-letters/emnist-letters-test.csv
LINES: 14801
PRECISION	RECALL		F-MEASURE	AVG-ACC		ANSS
5.493		86.500		10.331		85.109		12597
5.747		90.500		10.808		85.109		12597
5.676		89.375		10.674		85.109		12597
5.716		90.000		10.749		85.109		12597
5.898		92.875		11.092		85.109		12597
5.684		89.500		10.689		85.109		12597
4.525		71.250		8.509		85.109		12597
5.382		84.750		10.122		85.109		12597
4.160		65.500		7.823		85.109		12597
5.628		88.625		10.584		85.109		12597
5.350		84.250		10.062		85.109		12597
4.930		77.625		9.271		85.109		12597
5.962		93.875		11.211		85.109		12597
4.993		78.625		9.390		85.109		12597
5.906		93.000		11.107		85.109		12597
5.803		91.375		10.913		85.109		12597
4.652		73.250		8.748		85.109		12597
5.509		86.750		10.361		85.109		12597
2.985		94.000		5.786		85.109		12597
EPOCH: 10
/Users/hhullen/PROJECTS/CPP7_MLP-0/datasets/emnist-letters/emnist-letters-test.csv
LINES: 14801
PRECISION	RECALL		F-MEASURE	AVG-ACC		ANSS
5.298		83.375		9.963		85.062		12590
5.639		88.750		10.605		85.062		12590
5.759		90.625		10.829		85.062		12590
5.663		89.125		10.650		85.062		12590
5.743		90.375		10.799		85.062		12590
5.631		88.625		10.590		85.062		12590
4.400		69.250		8.275		85.062		12590
5.465		86.000		10.276		85.062		12590
4.369		68.750		8.215		85.062		12590
5.536		87.125		10.411		85.062		12590
5.361		84.375		10.082		85.062		12590
4.670		73.500		8.783		85.062		12590
6.068		95.500		11.412		85.062		12590
5.139		80.875		9.664		85.062		12590
5.790		91.125		10.889		85.062		12590
5.886		92.625		11.068		85.062		12590
5.012		78.875		9.425		85.062		12590
5.544		87.250		10.426		85.062		12590
3.026		95.250		5.866		85.062		12590
EPOCH: 11
/Users/hhullen/PROJECTS/CPP7_MLP-0/datasets/emnist-letters/emnist-letters-test.csv
LINES: 14801
PRECISION	RECALL		F-MEASURE	AVG-ACC		ANSS
5.279		82.750		9.925		84.724		12540
5.734		89.875		10.780		84.724		12540
5.750		90.125		10.810		84.724		12540
5.638		88.375		10.600		84.724		12540
5.877		92.125		11.049		84.724		12540
5.646		88.500		10.615		84.724		12540
4.187		65.625		7.871		84.724		12540
5.391		84.500		10.135		84.724		12540
4.155		65.125		7.811		84.724		12540
5.455		85.500		10.255		84.724		12540
5.399		84.625		10.150		84.724		12540
4.872		76.375		9.160		84.724		12540
6.100		95.625		11.469		84.724		12540
5.000		78.375		9.400		84.724		12540
5.941		93.125		11.169		84.724		12540
5.957		93.375		11.199		84.724		12540
5.080		79.625		9.550		84.724		12540
5.526		86.625		10.390		84.724		12540
3.014		94.500		5.842		84.724		12540
EPOCH: 12
/Users/hhullen/PROJECTS/CPP7_MLP-0/datasets/emnist-letters/emnist-letters-test.csv
LINES: 14801
PRECISION	RECALL		F-MEASURE	AVG-ACC		ANSS
5.065		79.250		9.522		84.569		12517
5.712		89.375		10.738		84.569		12517
5.696		89.125		10.708		84.569		12517
5.624		88.000		10.573		84.569		12517
5.952		93.125		11.189		84.569		12517
5.744		89.875		10.798		84.569		12517
4.226		66.125		7.945		84.569		12517
5.433		85.000		10.213		84.569		12517
4.386		68.625		8.245		84.569		12517
5.560		87.000		10.453		84.569		12517
5.377		84.125		10.107		84.569		12517
4.730		74.000		8.891		84.569		12517
6.056		94.750		11.384		84.569		12517
4.793		75.000		9.011		84.569		12517
5.936		92.875		11.159		84.569		12517
5.864		91.750		11.024		84.569		12517
5.313		83.125		9.987		84.569		12517
5.489		85.875		10.318		84.569		12517
3.044		95.250		5.899		84.569		12517
EPOCH: 13
/Users/hhullen/PROJECTS/CPP7_MLP-0/datasets/emnist-letters/emnist-letters-test.csv
LINES: 14801
PRECISION	RECALL		F-MEASURE	AVG-ACC		ANSS
5.318		83.125		9.996		84.488		12505
5.462		85.375		10.267		84.488		12505
5.846		91.375		10.988		84.488		12505
5.734		89.625		10.778		84.488		12505
5.902		92.250		11.094		84.488		12505
5.854		91.500		11.003		84.488		12505
4.262		66.625		8.012		84.488		12505
5.430		84.875		10.207		84.488		12505
4.438		69.375		8.343		84.488		12505
5.638		88.125		10.598		84.488		12505
5.526		86.375		10.387		84.488		12505
4.686		73.250		8.809		84.488		12505
5.998		93.750		11.274		84.488		12505
5.070		79.250		9.530		84.488		12505
5.750		89.875		10.808		84.488		12505
5.606		87.625		10.537		84.488		12505
4.958		77.500		9.320		84.488		12505
5.510		86.125		10.357		84.488		12505
3.015		94.250		5.843		84.488		12505
EPOCH: 14
/Users/hhullen/PROJECTS/CPP7_MLP-0/datasets/emnist-letters/emnist-letters-test.csv
LINES: 14801
PRECISION	RECALL		F-MEASURE	AVG-ACC		ANSS
5.312		83.250		9.987		84.704		12537
5.727		89.750		10.767		84.704		12537
5.759		90.250		10.827		84.704		12537
5.520		86.500		10.377		84.704		12537
5.982		93.750		11.247		84.704		12537
5.679		89.000		10.677		84.704		12537
3.996		62.625		7.513		84.704		12537
5.312		83.250		9.987		84.704		12537
4.419		69.250		8.308		84.704		12537
5.631		88.250		10.587		84.704		12537
5.671		88.875		10.662		84.704		12537
4.515		70.750		8.488		84.704		12537
6.046		94.750		11.367		84.704		12537
4.977		78.000		9.357		84.704		12537
6.006		94.125		11.292		84.704		12537
5.703		89.375		10.722		84.704		12537
5.209		81.625		9.792		84.704		12537
5.512		86.375		10.362		84.704		12537
3.023		94.750		5.859		84.704		12537
EPOCH: 15
/Users/hhullen/PROJECTS/CPP7_MLP-0/datasets/emnist-letters/emnist-letters-test.csv
LINES: 14801
PRECISION	RECALL		F-MEASURE	AVG-ACC		ANSS
5.345		83.875		10.050		84.812		12553
5.544		87.000		10.425		84.812		12553
5.736		90.000		10.784		84.812		12553
5.664		88.875		10.649		84.812		12553
5.911		92.750		11.114		84.812		12553
5.712		89.625		10.739		84.812		12553
4.174		65.500		7.848		84.812		12553
5.521		86.625		10.380		84.812		12553
4.581		71.875		8.612		84.812		12553
5.537		86.875		10.410		84.812		12553
5.321		83.500		10.005		84.812		12553
4.469		70.125		8.403		84.812		12553
6.070		95.250		11.413		84.812		12553
5.162		81.000		9.706		84.812		12553
5.943		93.250		11.174		84.812		12553
5.855		91.875		11.009		84.812		12553
4.851		76.125		9.122		84.812		12553
5.632		88.375		10.589		84.812		12553
2.971		93.250		5.759		84.812		12553
EPOCH: 16
/Users/hhullen/PROJECTS/CPP7_MLP-0/datasets/emnist-letters/emnist-letters-test.csv
LINES: 14801
PRECISION	RECALL		F-MEASURE	AVG-ACC		ANSS
5.372		84.750		10.104		85.265		12620
5.674		89.500		10.671		85.265		12620
5.840		92.125		10.984		85.265		12620
5.578		88.000		10.492		85.265		12620
5.737		90.500		10.790		85.265		12620
5.491		86.625		10.328		85.265		12620
4.453		70.250		8.376		85.265		12620
5.475		86.375		10.298		85.265		12620
4.453		70.250		8.376		85.265		12620
5.428		85.625		10.209		85.265		12620
5.571		87.875		10.477		85.265		12620
4.596		72.500		8.644		85.265		12620
6.030		95.125		11.341		85.265		12620
5.143		81.125		9.672		85.265		12620
5.967		94.125		11.222		85.265		12620
5.856		92.375		11.013		85.265		12620
4.929		77.750		9.270		85.265		12620
5.460		86.125		10.268		85.265		12620
2.948		93.000		5.714		85.265		12620
EPOCH: 17
/Users/hhullen/PROJECTS/CPP7_MLP-0/datasets/emnist-letters/emnist-letters-test.csv
LINES: 14801
PRECISION	RECALL		F-MEASURE	AVG-ACC		ANSS
5.387		84.500		10.129		84.778		12548
5.786		90.750		10.878		84.778		12548
5.786		90.750		10.878		84.778		12548
5.738		90.000		10.788		84.778		12548
5.818		91.250		10.938		84.778		12548
5.650		88.625		10.623		84.778		12548
4.582		71.875		8.616		84.778		12548
5.339		83.750		10.039		84.778		12548
4.558		71.500		8.571		84.778		12548
5.587		87.625		10.503		84.778		12548
5.435		85.250		10.219		84.778		12548
4.264		66.875		8.016		84.778		12548
5.977		93.750		11.238		84.778		12548
5.140		80.625		9.664		84.778		12548
5.881		92.250		11.058		84.778		12548
5.961		93.500		11.208		84.778		12548
4.558		71.500		8.571		84.778		12548
5.515		86.500		10.369		84.778		12548
3.036		95.250		5.885		84.778		12548
EPOCH: 18
/Users/hhullen/PROJECTS/CPP7_MLP-0/datasets/emnist-letters/emnist-letters-test.csv
LINES: 14801
PRECISION	RECALL		F-MEASURE	AVG-ACC		ANSS
5.305		83.500		9.975		85.082		12593
5.662		89.125		10.647		85.082		12593
5.781		91.000		10.871		85.082		12593
5.590		88.000		10.513		85.082		12593
5.932		93.375		11.155		85.082		12593
5.575		87.750		10.483		85.082		12593
4.360		68.625		8.198		85.082		12593
5.344		84.125		10.050		85.082		12593
4.383		69.000		8.243		85.082		12593
5.575		87.750		10.483		85.082		12593
5.630		88.625		10.588		85.082		12593
4.653		73.250		8.751		85.082		12593
6.051		95.250		11.379		85.082		12593
5.130		80.750		9.647		85.082		12593
5.980		94.125		11.245		85.082		12593
5.956		93.750		11.200		85.082		12593
4.661		73.375		8.766		85.082		12593
5.463		86.000		10.274		85.082		12593
2.970		93.500		5.757		85.082		12593
EPOCH: 19
/Users/hhullen/PROJECTS/CPP7_MLP-0/datasets/emnist-letters/emnist-letters-test.csv
LINES: 14801
PRECISION	RECALL		F-MEASURE	AVG-ACC		ANSS
5.230		82.000		9.832		84.751		12544
5.851		91.750		11.001		84.751		12544
5.692		89.250		10.701		84.751		12544
5.692		89.250		10.701		84.751		12544
5.995		94.000		11.271		84.751		12544
5.604		87.875		10.537		84.751		12544
4.496		70.500		8.453		84.751		12544
5.238		82.125		9.847		84.751		12544
4.297		67.375		8.079		84.751		12544
5.533		86.750		10.402		84.751		12544
5.668		88.875		10.656		84.751		12544
4.695		73.625		8.828		84.751		12544
5.859		91.875		11.016		84.751		12544
5.222		81.875		9.817		84.751		12544
5.891		92.375		11.076		84.751		12544
5.843		91.625		10.986		84.751		12544
4.887		76.625		9.188		84.751		12544
5.341		83.750		10.042		84.751		12544
2.966		93.000		5.748		84.751		12544
EPOCH: 20
/Users/hhullen/PROJECTS/CPP7_MLP-0/datasets/emnist-letters/emnist-letters-test.csv
LINES: 14801
PRECISION	RECALL		F-MEASURE	AVG-ACC		ANSS
5.233		82.750		9.843		85.474		12651
5.588		88.375		10.512		85.474		12651
5.652		89.375		10.631		85.474		12651
5.675		89.750		10.676		85.474		12651
5.968		94.375		11.226		85.474		12651
5.628		89.000		10.587		85.474		12651
4.300		68.000		8.089		85.474		12651
5.415		85.625		10.185		85.474		12651
4.458		70.500		8.386		85.474		12651
5.549		87.750		10.438		85.474		12651
5.549		87.750		10.438		85.474		12651
4.545		71.875		8.550		85.474		12651
5.960		94.250		11.211		85.474		12651
5.249		83.000		9.873		85.474		12651
5.976		94.500		11.241		85.474		12651
5.849		92.500		11.003		85.474		12651
4.885		77.250		9.189		85.474		12651
5.557		87.875		10.453		85.474		12651
2.964		93.750		5.747		85.474		12651
EPOCH: 21
/Users/hhullen/PROJECTS/CPP7_MLP-0/datasets/emnist-letters/emnist-letters-test.csv
LINES: 14801
PRECISION	RECALL		F-MEASURE	AVG-ACC		ANSS
5.556		87.000		10.444		84.643		12528
5.779		90.500		10.864		84.643		12528
5.396		84.500		10.144		84.643		12528
5.763		90.250		10.834		84.643		12528
5.971		93.500		11.224		84.643		12528
5.667		88.750		10.654		84.643		12528
4.478		70.125		8.418		84.643		12528
5.380		84.250		10.114		84.643		12528
4.534		71.000		8.523		84.643		12528
5.595		87.625		10.519		84.643		12528
5.460		85.500		10.264		84.643		12528
4.446		69.625		8.358		84.643		12528
6.074		95.125		11.420		84.643		12528
5.228		81.875		9.829		84.643		12528
5.787		90.625		10.879		84.643		12528
5.931		92.875		11.149		84.643		12528
4.550		71.250		8.553		84.643		12528
5.396		84.500		10.144		84.643		12528
3.009		94.250		5.832		84.643		12528
EPOCH: 22
/Users/hhullen/PROJECTS/CPP7_MLP-0/datasets/emnist-letters/emnist-letters-test.csv
LINES: 14801
PRECISION	RECALL		F-MEASURE	AVG-ACC		ANSS
5.396		85.000		10.148		85.136		12601
5.642		88.875		10.611		85.136		12601
5.714		90.000		10.745		85.136		12601
5.619		88.500		10.566		85.136		12601
5.841		92.000		10.984		85.136		12601
5.642		88.875		10.611		85.136		12601
4.476		70.500		8.417		85.136		12601
5.476		86.250		10.298		85.136		12601
4.404		69.375		8.283		85.136		12601
5.547		87.375		10.432		85.136		12601
5.611		88.375		10.551		85.136		12601
4.579		72.125		8.611		85.136		12601
6.023		94.875		11.328		85.136		12601
5.412		85.250		10.178		85.136		12601
5.857		92.250		11.014		85.136		12601
5.777		91.000		10.865		85.136		12601
4.539		71.500		8.537		85.136		12601
5.500		86.625		10.343		85.136		12601
2.944		92.750		5.707		85.136		12601
EPOCH: 23
/Users/hhullen/PROJECTS/CPP7_MLP-0/datasets/emnist-letters/emnist-letters-test.csv
LINES: 14801
PRECISION	RECALL		F-MEASURE	AVG-ACC		ANSS
5.307		83.625		9.981		85.170		12606
5.577		87.875		10.488		85.170		12606
5.759		90.750		10.831		85.170		12606
5.521		87.000		10.383		85.170		12606
5.957		93.875		11.204		85.170		12606
5.601		88.250		10.533		85.170		12606
4.228		66.625		7.952		85.170		12606
5.466		86.125		10.279		85.170		12606
4.466		70.375		8.399		85.170		12606
5.616		88.500		10.562		85.170		12606
5.497		86.625		10.339		85.170		12606
4.760		75.000		8.951		85.170		12606
5.942		93.625		11.174		85.170		12606
5.323		83.875		10.010		85.170		12606
6.021		94.875		11.323		85.170		12606
5.957		93.875		11.204		85.170		12606
4.601		72.500		8.653		85.170		12606
5.434		85.625		10.219		85.170		12606
2.967		93.500		5.751		85.170		12606
EPOCH: 24
/Users/hhullen/PROJECTS/CPP7_MLP-0/datasets/emnist-letters/emnist-letters-test.csv
LINES: 14801
PRECISION	RECALL		F-MEASURE	AVG-ACC		ANSS
5.271		82.750		9.911		84.852		12559
5.653		88.750		10.630		84.852		12559
5.773		90.625		10.854		84.852		12559
5.629		88.375		10.585		84.852		12559
5.964		93.625		11.213		84.852		12559
5.629		88.375		10.585		84.852		12559
4.244		66.625		7.980		84.852		12559
5.383		84.500		10.121		84.852		12559
4.555		71.500		8.564		84.852		12559
5.669		89.000		10.659		84.852		12559
5.215		81.875		9.806		84.852		12559
4.347		68.250		8.174		84.852		12559
5.988		94.000		11.258		84.852		12559
5.104		80.125		9.597		84.852		12559
5.908		92.750		11.109		84.852		12559
5.964		93.625		11.213		84.852		12559
5.008		78.625		9.417		84.852		12559
5.693		89.375		10.704		84.852		12559
3.002		94.250		5.818		84.852		12559
EPOCH: 25
/Users/hhullen/PROJECTS/CPP7_MLP-0/datasets/emnist-letters/emnist-letters-test.csv
LINES: 14801
PRECISION	RECALL		F-MEASURE	AVG-ACC		ANSS
5.125		80.625		9.637		85.035		12586
5.737		90.250		10.787		85.035		12586
5.768		90.750		10.847		85.035		12586
5.498		86.500		10.339		85.035		12586
5.959		93.750		11.206		85.035		12586
5.554		87.375		10.444		85.035		12586
4.290		67.500		8.068		85.035		12586
5.260		82.750		9.891		85.035		12586
4.283		67.375		8.053		85.035		12586
5.498		86.500		10.339		85.035		12586
5.538		87.125		10.414		85.035		12586
4.688		73.750		8.815		85.035		12586
6.126		96.375		11.519		85.035		12586
5.196		81.750		9.771		85.035		12586
5.975		94.000		11.236		85.035		12586
5.967		93.875		11.221		85.035		12586
4.982		78.375		9.368		85.035		12586
5.554		87.375		10.444		85.035		12586
3.003		94.500		5.822		85.035		12586
EPOCH: 26
/Users/hhullen/PROJECTS/CPP7_MLP-0/datasets/emnist-letters/emnist-letters-test.csv
LINES: 14801
PRECISION	RECALL		F-MEASURE	AVG-ACC		ANSS
5.375		84.375		10.106		84.852		12559
5.797		91.000		10.899		84.852		12559
5.614		88.125		10.555		84.852		12559
5.494		86.250		10.330		84.852		12559
5.972		93.750		11.228		84.852		12559
5.725		89.875		10.764		84.852		12559
4.411		69.250		8.294		84.852		12559
5.526		86.750		10.390		84.852		12559
4.268		67.000		8.025		84.852		12559
5.629		88.375		10.585		84.852		12559
5.621		88.250		10.570		84.852		12559
4.809		75.500		9.043		84.852		12559
5.932		93.125		11.154		84.852		12559
4.961		77.875		9.327		84.852		12559
5.876		92.250		11.049		84.852		12559
5.860		92.000		11.019		84.852		12559
4.714		74.000		8.863		84.852		12559
5.446		85.500		10.240		84.852		12559
2.970		93.250		5.757		84.852		12559
EPOCH: 27
/Users/hhullen/PROJECTS/CPP7_MLP-0/datasets/emnist-letters/emnist-letters-test.csv
LINES: 14801
PRECISION	RECALL		F-MEASURE	AVG-ACC		ANSS
5.157		81.000		9.697		84.893		12565
5.802		91.125		10.909		84.893		12565
5.722		89.875		10.759		84.893		12565
5.659		88.875		10.640		84.893		12565
5.834		91.625		10.969		84.893		12565
5.698		89.500		10.715		84.893		12565
4.544		71.375		8.545		84.893		12565
5.571		87.500		10.475		84.893		12565
4.353		68.375		8.186		84.893		12565
5.651		88.750		10.625		84.893		12565
5.396		84.750		10.146		84.893		12565
4.616		72.500		8.679		84.893		12565
6.064		95.250		11.403		84.893		12565
4.998		78.500		9.398		84.893		12565
5.945		93.375		11.178		84.893		12565
5.818		91.375		10.939		84.893		12565
4.568		71.750		8.590		84.893		12565
5.635		88.500		10.595		84.893		12565
2.969		93.250		5.754		84.893		12565
EPOCH: 28
/Users/hhullen/PROJECTS/CPP7_MLP-0/datasets/emnist-letters/emnist-letters-test.csv
LINES: 14801
PRECISION	RECALL		F-MEASURE	AVG-ACC		ANSS
5.166		81.250		9.715		85.008		12582
5.715		89.875		10.746		85.008		12582
5.842		91.875		10.985		85.008		12582
5.564		87.500		10.462		85.008		12582
5.905		92.875		11.104		85.008		12582
5.571		87.625		10.477		85.008		12582
4.252		66.875		7.996		85.008		12582
5.420		85.250		10.193		85.008		12582
4.403		69.250		8.280		85.008		12582
5.540		87.125		10.417		85.008		12582
5.643		88.750		10.611		85.008		12582
4.745		74.625		8.922		85.008		12582
5.881		92.500		11.060		85.008		12582
5.412		85.125		10.178		85.008		12582
6.009		94.500		11.299		85.008		12582
5.842		91.875		10.985		85.008		12582
4.721		74.250		8.878		85.008		12582
5.397		84.875		10.148		85.008		12582
2.973		93.500		5