/Users/hhullen/PROJECTS/CPP7_MLP-0/datasets/emnist-letters/emnist-letters-train.csv
LINES: 88801
TESTING: 88801 1
EPOCH: 0
/Users/hhullen/PROJECTS/CPP7_MLP-0/datasets/emnist-letters/emnist-letters-test.csv
LINES: 14801
PRECISION	RECALL		F-MEASURE	AVG-ACC		ANSS
5.150		39.339		9.108		65.590		9708
5.665		72.273		10.507		65.590		9708
6.737		82.680		12.458		65.590		9708
4.707		72.655		8.842		65.590		9708
5.841		80.312		10.889		65.590		9708
5.861		79.469		10.917		65.590		9708
4.368		51.519		8.052		65.590		9708
5.408		64.895		9.984		65.590		9708
3.533		75.717		6.751		65.590		9708
6.016		80.552		11.195		65.590		9708
4.460		82.008		8.460		65.590		9708
6.098		56.814		11.014		65.590		9708
7.262		85.351		13.385		65.590		9708
4.326		83.004		8.224		65.590		9708
6.613		84.921		12.271		65.590		9708
6.716		80.395		12.397		65.590		9708
4.790		58.638		8.856		65.590		9708
3.482		95.751		6.719		65.590		9708
2.967		80.223		5.722		65.590		9708
EPOCH: 1
/Users/hhullen/PROJECTS/CPP7_MLP-0/datasets/emnist-letters/emnist-letters-test.csv
LINES: 14801
PRECISION	RECALL		F-MEASURE	AVG-ACC		ANSS
5.877		45.591		10.412		73.117		10822
5.738		75.547		10.666		73.117		10822
6.394		86.500		11.908		73.117		10822
5.664		69.818		10.479		73.117		10822
5.683		86.620		10.666		73.117		10822
5.775		85.734		10.822		73.117		10822
4.325		71.125		8.153		73.117		10822
5.507		71.207		10.224		73.117		10822
3.761		73.599		7.156		73.117		10822
6.099		81.381		11.347		73.117		10822
5.073		85.248		9.576		73.117		10822
5.470		65.055		10.092		73.117		10822
6.006		94.203		11.293		73.117		10822
4.204		89.216		8.030		73.117		10822
6.662		83.935		12.345		73.117		10822
6.607		83.140		12.241		73.117		10822
4.195		68.788		7.908		73.117		10822
4.232		91.968		8.092		73.117		10822
2.726		93.949		5.298		73.117		10822
EPOCH: 2
/Users/hhullen/PROJECTS/CPP7_MLP-0/datasets/emnist-letters/emnist-letters-test.csv
LINES: 14801
PRECISION	RECALL		F-MEASURE	AVG-ACC		ANSS
5.652		53.685		10.227		76.623		11341
5.643		81.321		10.554		76.623		11341
6.111		91.184		11.454		76.623		11341
5.343		77.792		10.000		76.623		11341
5.908		86.340		11.059		76.623		11341
5.731		86.207		10.748		76.623		11341
4.329		74.057		8.181		76.623		11341
5.485		79.846		10.264		76.623		11341
3.853		75.086		7.330		76.623		11341
5.934		84.761		11.092		76.623		11341
5.352		85.493		10.074		76.623		11341
5.423		67.881		10.043		76.623		11341
5.952		95.070		11.202		76.623		11341
4.779		84.424		9.046		76.623		11341
6.340		88.005		11.828		76.623		11341
6.402		87.260		11.928		76.623		11341
4.312		71.179		8.131		76.623		11341
4.435		90.794		8.457		76.623		11341
3.016		87.245		5.830		76.623		11341
EPOCH: 3
/Users/hhullen/PROJECTS/CPP7_MLP-0/datasets/emnist-letters/emnist-letters-test.csv
LINES: 14801
PRECISION	RECALL		F-MEASURE	AVG-ACC		ANSS
5.463		59.357		10.005		77.670		11496
5.689		80.443		10.626		77.670		11496
5.906		94.965		11.121		77.670		11496
6.089		68.695		11.187		77.670		11496
5.480		92.105		10.345		77.670		11496
5.889		84.625		11.012		77.670		11496
4.558		70.053		8.559		77.670		11496
5.628		77.952		10.498		77.670		11496
3.958		76.342		7.526		77.670		11496
5.593		91.206		10.540		77.670		11496
5.211		90.347		9.853		77.670		11496
5.315		68.652		9.866		77.670		11496
5.889		96.302		11.099		77.670		11496
5.132		84.770		9.678		77.670		11496
5.358		95.356		10.147		77.670		11496
6.028		92.771		11.321		77.670		11496
4.880		65.768		9.086		77.670		11496
4.932		89.573		9.349		77.670		11496
3.001		87.786		5.804		77.670		11496
EPOCH: 4
/Users/hhullen/PROJECTS/CPP7_MLP-0/datasets/emnist-letters/emnist-letters-test.csv
LINES: 14801
PRECISION	RECALL		F-MEASURE	AVG-ACC		ANSS
5.199		67.251		9.652		79.792		11810
5.826		84.417		10.899		79.792		11810
5.809		94.231		10.943		79.792		11810
5.597		82.112		10.480		79.792		11810
5.809		87.724		10.896		79.792		11810
5.885		82.837		10.989		79.792		11810
4.513		70.503		8.483		79.792		11810
5.572		80.539		10.422		79.792		11810
3.810		77.586		7.264		79.792		11810
5.512		93.266		10.409		79.792		11810
5.673		85.678		10.642		79.792		11810
5.360		67.126		9.927		79.792		11810
5.792		96.474		10.927		79.792		11810
5.351		83.377		10.057		79.792		11810
5.995		91.473		11.252		79.792		11810
5.699		95.191		10.753		79.792		11810
4.852		66.705		9.046		79.792		11810
4.725		93.000		8.993		79.792		11810
3.023		86.861		5.842		79.792		11810
EPOCH: 5
/Users/hhullen/PROJECTS/CPP7_MLP-0/datasets/emnist-letters/emnist-letters-test.csv
LINES: 14801
PRECISION	RECALL		F-MEASURE	AVG-ACC		ANSS
5.130		73.614		9.592		80.468		11910
5.802		83.656		10.851		80.468		11910
5.936		90.641		11.143		80.468		11910
5.600		80.458		10.472		80.468		11910
5.785		88.789		10.862		80.468		11910
5.785		85.272		10.835		80.468		11910
4.551		70.942		8.553		80.468		11910
5.390		83.053		10.124		80.468		11910
3.602		78.428		6.888		80.468		11910
5.508		92.786		10.399		80.468		11910
5.668		85.660		10.632		80.468		11910
5.491		65.927		10.138		80.468		11910
5.987		94.437		11.259		80.468		11910
5.206		85.635		9.815		80.468		11910
6.129		90.796		11.483		80.468		11910
5.701		95.098		10.757		80.468		11910
4.971		67.273		9.257		80.468		11910
4.803		92.857		9.133		80.468		11910
2.955		87.781		5.718		80.468		11910
EPOCH: 6
/Users/hhullen/PROJECTS/CPP7_MLP-0/datasets/emnist-letters/emnist-letters-test.csv
LINES: 14801
PRECISION	RECALL		F-MEASURE	AVG-ACC		ANSS
5.389		70.174		10.009		81.123		12007
5.763		83.073		10.779		81.123		12007
5.813		93.191		10.944		81.123		12007
5.672		80.212		10.594		81.123		12007
5.663		89.947		10.656		81.123		12007
5.722		86.742		10.735		81.123		12007
4.339		77.994		8.221		81.123		12007
5.513		80.732		10.322		81.123		12007
4.156		74.701		7.874		81.123		12007
5.713		91.223		10.753		81.123		12007
5.222		93.027		9.889		81.123		12007
5.122		69.257		9.539		81.123		12007
5.905		96.463		11.129		81.123		12007
5.097		87.554		9.633		81.123		12007
5.913		92.689		11.117		81.123		12007
5.813		93.316		10.945		81.123		12007
5.255		65.866		9.734		81.123		12007
4.980		91.718		9.448		81.123		12007
2.948		91.237		5.712		81.123		12007
EPOCH: 7
/Users/hhullen/PROJECTS/CPP7_MLP-0/datasets/emnist-letters/emnist-letters-test.csv
LINES: 14801
PRECISION	RECALL		F-MEASURE	AVG-ACC		ANSS
5.514		70.347		10.227		81.967		12132
5.720		84.223		10.713		81.967		12132
5.885		93.455		11.073		81.967		12132
5.564		81.032		10.413		81.967		12132
5.729		91.207		10.780		81.967		12132
5.811		87.578		10.899		81.967		12132
4.360		76.556		8.251		81.967		12132
5.424		83.081		10.183		81.967		12132
4.097		74.179		7.764		81.967		12132
5.704		90.222		10.730		81.967		12132
5.382		91.842		10.169		81.967		12132
5.020		69.362		9.362		81.967		12132
5.819		96.978		10.980		81.967		12132
5.028		91.729		9.533		81.967		12132
5.992		90.989		11.244		81.967		12132
5.811		94.000		10.946		81.967		12132
5.020		70.000		9.368		81.967		12132
5.193		89.235		9.815		81.967		12132
2.926		91.026		5.670		81.967		12132
EPOCH: 8
/Users/hhullen/PROJECTS/CPP7_MLP-0/datasets/emnist-letters/emnist-letters-test.csv
LINES: 14801
PRECISION	RECALL		F-MEASURE	AVG-ACC		ANSS
5.267		76.010		9.851		82.103		12152
5.736		83.875		10.737		82.103		12152
5.884		92.737		11.066		82.103		12152
5.752		80.903		10.741		82.103		12152
5.497		92.138		10.375		82.103		12152
5.760		87.719		10.811		82.103		12152
4.510		72.776		8.493		82.103		12152
5.563		79.250		10.396		82.103		12152
4.049		73.874		7.677		82.103		12152
5.662		91.247		10.662		82.103		12152
5.398		90.985		10.192		82.103		12152
4.896		69.106		9.145		82.103		12152
5.908		96.896		11.138		82.103		12152
5.036		90.801		9.543		82.103		12152
6.032		91.970		11.321		82.103		12152
5.851		93.307		11.011		82.103		12152
4.905		73.039		9.192		82.103		12152
5.225		89.816		9.876		82.103		12152
3.069		86.946		5.930		82.103		12152
EPOCH: 9
/Users/hhullen/PROJECTS/CPP7_MLP-0/datasets/emnist-letters/emnist-letters-test.csv
LINES: 14801
PRECISION	RECALL		F-MEASURE	AVG-ACC		ANSS
5.265		76.485		9.852		82.636		12231
5.829		83.882		10.901		82.636		12231
5.748		93.236		10.828		82.636		12231
5.462		86.417		10.274		82.636		12231
6.001		85.848		11.218		82.636		12231
5.666		89.651		10.658		82.636		12231
4.366		77.279		8.265		82.636		12231
5.257		85.619		9.906		82.636		12231
3.875		75.598		7.373		82.636		12231
5.756		89.114		10.813		82.636		12231
5.273		91.880		9.974		82.636		12231
5.077		68.317		9.452		82.636		12231
6.083		93.703		11.424		82.636		12231
4.955		92.661		9.406		82.636		12231
6.099		90.976		11.432		82.636		12231
5.854		94.087		11.022		82.636		12231
5.192		69.704		9.664		82.636		12231
5.265		89.444		9.945		82.636		12231
2.976		88.136		5.758		82.636		12231
EPOCH: 10
/Users/hhullen/PROJECTS/CPP7_MLP-0/datasets/emnist-letters/emnist-letters-test.csv
LINES: 14801
PRECISION	RECALL		F-MEASURE	AVG-ACC		ANSS
5.312		74.685		9.919		82.920		12273
5.785		81.986		10.808		82.920		12273
5.793		93.307		10.909		82.920		12273
5.638		80.653		10.540		82.920		12273
5.883		86.988		11.020		82.920		12273
5.590		93.460		10.548		82.920		12273
4.025		83.587		7.680		82.920		12273
4.905		90.120		9.304		82.920		12273
4.082		74.332		7.739		82.920		12273
5.663		90.495		10.659		82.920		12273
5.443		91.382		10.274		82.920		12273
4.978		68.962		9.286		82.920		12273
6.135		93.424		11.515		82.920		12273
5.076		92.846		9.626		82.920		12273
6.005		91.439		11.270		82.920		12273
5.883		93.766		11.071		82.920		12273
5.410		69.023		10.034		82.920		12273
5.410		88.652		10.198		82.920		12273
2.982		86.525		5.766		82.920		12273
EPOCH: 11
/Users/hhullen/PROJECTS/CPP7_MLP-0/datasets/emnist-letters/emnist-letters-test.csv
LINES: 14801
PRECISION	RECALL		F-MEASURE	AVG-ACC		ANSS
5.340		75.610		9.976		82.359		12190
5.857		81.044		10.925		82.359		12190
5.915		92.082		11.115		82.359		12190
5.824		77.258		10.832		82.359		12190
5.833		89.660		10.953		82.359		12190
5.628		93.460		10.616		82.359		12190
4.110		81.729		7.826		82.359		12190
4.963		86.305		9.386		82.359		12190
3.856		77.558		7.346		82.359		12190
5.792		89.822		10.882		82.359		12190
5.316		91.525		10.048		82.359		12190
5.283		67.364		9.798		82.359		12190
6.071		94.994		11.412		82.359		12190
4.651		95.294		8.870		82.359		12190
5.980		91.353		11.226		82.359		12190
5.865		94.954		11.048		82.359		12190
5.226		70.465		9.730		82.359		12190
5.480		87.664		10.315		82.359		12190
3.011		90.394		5.827		82.359		12190
EPOCH: 12
/Users/hhullen/PROJECTS/CPP7_MLP-0/datasets/emnist-letters/emnist-letters-test.csv
LINES: 14801
PRECISION	RECALL		F-MEASURE	AVG-ACC		ANSS
5.395		76.647		10.081		83.028		12289
5.639		86.625		10.589		83.028		12289
5.607		94.126		10.583		83.028		12289
5.696		83.532		10.665		83.028		12289
6.103		82.237		11.363		83.028		12289
5.615		92.992		10.590		83.028		12289
3.906		85.561		7.471		83.028		12289
5.029		89.436		9.522		83.028		12289
4.093		75.526		7.765		83.028		12289
5.680		90.415		10.688		83.028		12289
5.444		89.799		10.265		83.028		12289
5.021		69.718		9.367		83.028		12289
6.030		95.122		11.341		83.028		12289
4.948		92.121		9.391		83.028		12289
5.965		92.434		11.206		83.028		12289
5.883		93.774		11.072		83.028		12289
5.314		68.955		9.867		83.028		12289
5.590		87.405		10.509		83.028		12289
3.043		86.574		5.880		83.028		12289
EPOCH: 13
/Users/hhullen/PROJECTS/CPP7_MLP-0/datasets/emnist-letters/emnist-letters-test.csv
LINES: 14801
PRECISION	RECALL		F-MEASURE	AVG-ACC		ANSS
5.167		79.676		9.705		83.548		12366
5.604		88.393		10.540		83.548		12366
5.831		92.199		10.967		83.548		12366
5.725		82.135		10.705		83.548		12366
5.928		88.207		11.109		83.548		12366
5.701		90.385		10.726		83.548		12366
4.140		84.211		7.893		83.548		12366
5.224		88.372		9.865		83.548		12366
4.124		76.119		7.824		83.548		12366
5.717		88.375		10.740		83.548		12366
5.353		92.201		10.119		83.548		12366
5.014		69.899		9.356		83.548		12366
5.992		95.122		11.274		83.548		12366
5.046		90.043		9.557		83.548		12366
5.984		91.811		11.236		83.548		12366
5.879		93.686		11.064		83.548		12366
5.200		71.844		9.698		83.548		12366
5.394		89.290		10.173		83.548		12366
2.976		90.640		5.763		83.548		12366
EPOCH: 14
/Users/hhullen/PROJECTS/CPP7_MLP-0/datasets/emnist-letters/emnist-letters-test.csv
LINES: 14801
PRECISION	RECALL		F-MEASURE	AVG-ACC		ANSS
5.319		78.452		9.962		83.711		12390
5.496		89.136		10.354		83.711		12390
5.795		93.005		10.910		83.711		12390
5.569		84.663		10.451		83.711		12390
5.892		88.700		11.050		83.711		12390
5.561		92.608		10.492		83.711		12390
4.140		82.212		7.884		83.711		12390
5.222		87.669		9.857		83.711		12390
4.213		75.216		7.979		83.711		12390
5.642		90.661		10.622		83.711		12390
5.513		90.464		10.392		83.711		12390
4.794		71.826		8.988		83.711		12390
6.061		93.176		11.382		83.711		12390
5.278		88.980		9.966		83.711		12390
6.053		90.470		11.347		83.711		12390
5.835		94.141		10.990		83.711		12390
5.230		70.820		9.741		83.711		12390
5.383		90.872		10.165		83.711		12390
3.002		86.916		5.804		83.711		12390
EPOCH: 15
/Users/hhullen/PROJECTS/CPP7_MLP-0/datasets/emnist-letters/emnist-letters-test.csv
LINES: 14801
PRECISION	RECALL		F-MEASURE	AVG-ACC		ANSS
5.237		79.440		9.826		84.244		12469
5.614		87.610		10.552		84.244		12469
5.766		93.377		10.862		84.244		12469
5.726		80.496		10.692		84.244		12469
5.911		88.263		11.079		84.244		12469
5.694		89.873		10.710		84.244		12469
4.411		79.595		8.359		84.244		12469
5.101		89.451		9.651		84.244		12469
4.106		75.852		7.791		84.244		12469
5.574		92.175		10.512		84.244		12469
5.454		90.305		10.286		84.244		12469
4.940		69.841		9.228		84.244		12469
6.087		93.820		11.432		84.244		12469
5.061		92.117		9.594		84.244		12469
5.879		92.785		11.057		84.244		12469
5.855		93.830		11.021		84.244		12469
4.948		75.706		9.289		84.244		12469
5.630		85.610		10.565		84.244		12469
3.007		90.580		5.822		84.244		12469
EPOCH: 16
/Users/hhullen/PROJECTS/CPP7_MLP-0/datasets/emnist-letters/emnist-letters-test.csv
LINES: 14801
PRECISION	RECALL		F-MEASURE	AVG-ACC		ANSS
5.222		80.875		9.810		83.711		12390
5.666		87.205		10.640		83.711		12390
5.835		92.574		10.979		83.711		12390
5.851		78.719		10.893		83.711		12390
6.029		87.368		11.280		83.711		12390
5.722		90.089		10.761		83.711		12390
4.229		82.003		8.044		83.711		12390
5.327		87.533		10.043		83.711		12390
4.173		74.819		7.905		83.711		12390
5.851		89.950		10.988		83.711		12390
5.198		95.126		9.857		83.711		12390
4.980		71.001		9.307		83.711		12390
6.053		92.937		11.366		83.711		12390
4.649		94.893		8.864		83.711		12390
5.698		93.140		10.739		83.711		12390
5.851		93.912		11.017		83.711		12390
5.133		74.040		9.601		83.711		12390
5.496		88.442		10.350		83.711		12390
3.035		86.437		5.864		83.711		12390
EPOCH: 17
/Users/hhullen/PROJECTS/CPP7_MLP-0/datasets/emnist-letters/emnist-letters-test.csv
LINES: 14801
PRECISION	RECALL		F-MEASURE	AVG-ACC		ANSS
5.104		81.643		9.607		84.190		12461
5.626		87.625		10.572		84.190		12461
5.802		93.653		10.927		84.190		12461
5.730		83.120		10.721		84.190		12461
5.955		87.603		11.151		84.190		12461
5.489		93.570		10.370		84.190		12461
4.181		81.534		7.954		84.190		12461
5.289		89.782		9.989		84.190		12461
4.430		75.513		8.369		84.190		12461
5.513		92.588		10.407		84.190		12461
5.369		93.175		10.153		84.190		12461
4.863		72.575		9.116		84.190		12461
6.051		93.086		11.363		84.190		12461
5.088		91.223		9.638		84.190		12461
6.019		91.019		11.291		84.190		12461
5.987		92.902		11.248		84.190		12461
5.120		73.081		9.570		84.190		12461
5.409		91.081		10.211		84.190		12461
2.977		89.183		5.762		84.190		12461
EPOCH: 18
/Users/hhullen/PROJECTS/CPP7_MLP-0/datasets/emnist-letters/emnist-letters-test.csv
LINES: 14801
PRECISION	RECALL		F-MEASURE	AVG-ACC		ANSS
5.223		82.174		9.822		84.082		12445
5.633		87.735		10.586		84.082		12445
5.834		92.958		10.978		84.082		12445
5.689		82.517		10.644		84.082		12445
5.834		90.524		10.961		84.082		12445
5.657		93.369		10.667		84.082		12445
4.202		83.148		8.001		84.082		12445
5.070		91.317		9.607		84.082		12445
4.098		76.347		7.779		84.082		12445
5.601		91.953		10.558		84.082		12445
5.295		94.684		10.030		84.082		12445
5.030		70.022		9.386		84.082		12445
6.027		93.052		11.320		84.082		12445
5.263		87.802		9.931		84.082		12445
6.051		89.750		11.337		84.082		12445
5.882		93.130		11.065		84.082		12445
5.143		71.269		9.593		84.082		12445
5.440		88.962		10.253		84.082		12445
3.029		83.964		5.848		84.082		12445
EPOCH: 19
/Users/hhullen/PROJECTS/CPP7_MLP-0/datasets/emnist-letters/emnist-letters-test.csv
LINES: 14801
PRECISION	RECALL		F-MEASURE	AVG-ACC		ANSS
5.165		82.754		9.723		84.116		12450
5.655		87.453		10.622		84.116		12450
5.679		94.519		10.714		84.116		12450
5.655		83.117		10.589		84.116		12450
5.984		86.127		11.190		84.116		12450
5.727		89.125		10.762		84.116		12450
3.936		85.965		7.527		84.116		12450
5.502		85.199		10.337		84.116		12450
4.546		73.221		8.561		84.116		12450
5.679		90.525		10.687		84.116		12450
5.309		92.190		10.040		84.116		12450
4.755		73.177		8.930		84.116		12450
6.104		93.023		11.457		84.116		12450
4.948		92.492		9.393		84.116		12450
5.839		93.205		10.990		84.116		12450
5.823		95.144		10.975		84.116		12450
5.245		70.824		9.767		84.116		12450
5.454		90.173		10.286		84.116		12450
2.996		88.389		5.796		84.116		12450
EPOCH: 20
/Users/hhullen/PROJECTS/CPP7_MLP-0/datasets/emnist-letters/emnist-letters-test.csv
LINES: 14801
PRECISION	RECALL		F-MEASURE	AVG-ACC		ANSS
5.163		81.187		9.708		84.150		12455
5.596		88.005		10.523		84.150		12455
5.628		95.504		10.630		84.150		12455
5.797		80.311		10.813		84.150		12455
5.974		87.324		11.182		84.150		12455
5.548		94.014		10.478		84.150		12455
3.982		87.788		7.619		84.150		12455
5.452		87.953		10.267		84.150		12455
4.295		73.793		8.118		84.150		12455
5.508		93.333		10.402		84.150		12455
5.251		95.058		9.952		84.150		12455
4.922		71.445		9.209		84.150		12455
6.142		91.837		11.514		84.150		12455
5.147		90.922		9.742		84.150		12455
5.821		92.949		10.956		84.150		12455
6.006		89.904		11.259		84.150		12455
5.259		70.204		9.785		84.150		12455
5.500		88.501		10.356		84.150		12455
3.011		89.074		5.825		84.150		12455
EPOCH: 21
/Users/hhullen/PROJECTS/CPP7_MLP-0/datasets/emnist-letters/emnist-letters-test.csv
LINES: 14801
PRECISION	RECALL		F-MEASURE	AVG-ACC		ANSS
5.194		82.554		9.773		84.940		12572
5.703		86.282		10.699		84.940		12572
5.846		92.686		10.999		84.940		12572
5.640		84.104		10.570		84.940		12572
5.751		92.102		10.826		84.940		12572
5.640		92.318		10.630		84.940		12572
4.184		84.160		7.972		84.940		12572
5.465		88.077		10.291		84.940		12572
4.263		75.175		8.069		84.940		12572
5.528		92.420		10.432		84.940		12572
5.568		89.974		10.487		84.940		12572
4.804		72.509		9.012		84.940		12572
6.085		90.640		11.404		84.940		12572
4.963		93.553		9.427		84.940		12572
5.703		93.603		10.751		84.940		12572
5.894		91.481		11.075		84.940		12572
5.226		71.258		9.738		84.940		12572
5.560		87.814		10.458		84.940		12572
2.983		87.209		5.768		84.940		12572
EPOCH: 22
/Users/hhullen/PROJECTS/CPP7_MLP-0/datasets/emnist-letters/emnist-letters-test.csv
LINES: 14801
PRECISION	RECALL		F-MEASURE	AVG-ACC		ANSS
5.169		81.384		9.721		84.569		12517
5.712		88.490		10.732		84.569		12517
5.840		93.121		10.991		84.569		12517
5.736		83.488		10.735		84.569		12517
5.824		91.353		10.950		84.569		12517
5.640		94.008		10.642		84.569		12517
4.074		85.000		7.776		84.569		12517
5.489		87.516		10.329		84.569		12517
4.154		74.074		7.867		84.569		12517
5.568		92.810		10.506		84.569		12517
5.481		91.711		10.343		84.569		12517
4.833		70.926		9.050		84.569		12517
6.104		90.521		11.436		84.569		12517
5.105		91.810		9.672		84.569		12517
5.608		94.228		10.587		84.569		12517
5.952		92.089		11.181		84.569		12517
5.353		68.648		9.931		84.569		12517
5.393		90.361		10.178		84.569		12517
2.964		88.969		5.737		84.569		12517
EPOCH: 23
/Users/hhullen/PROJECTS/CPP7_MLP-0/datasets/emnist-letters/emnist-letters-test.csv
LINES: 14801
PRECISION	RECALL		F-MEASURE	AVG-ACC		ANSS
5.151		82.949		9.700		84.859		12560
5.637		88.611		10.600		84.859		12560
5.725		94.855		10.797		84.859		12560
5.525		86.642		10.388		84.859		12560
5.780		90.637		10.867		84.859		12560
5.573		94.723		10.527		84.859		12560
4.236		82.609		8.058		84.859		12560
5.390		88.036		10.158		84.859		12560
4.387		74.459		8.286		84.859		12560
5.541		92.430		10.456		84.859		12560
5.326		93.961		10.081		84.859		12560
4.785		72.672		8.979		84.859		12560
6.123		91.876		11.480		84.859		12560
5.239		91.136		9.908		84.859		12560
5.916		91.728		11.114		84.859		12560
5.979		89.087		11.206		84.859		12560
5.175		72.626		9.662		84.859		12560
5.510		87.817		10.369		84.859		12560
3.002		83.040		5.794		84.859		12560
EPOCH: 24
/Users/hhullen/PROJECTS/CPP7_MLP-0/datasets/emnist-letters/emnist-letters-test.csv
LINES: 14801
PRECISION	RECALL		F-MEASURE	AVG-ACC		ANSS
5.115		81.425		9.625		84.542		12513
5.586		90.077		10.520		84.542		12513
5.698		95.576		10.755		84.542		12513
5.802		78.065		10.801		84.542		12513
5.746		92.061		10.817		84.542		12513
5.698		92.477		10.735		84.542		12513
4.212		85.413		8.027		84.542		12513
5.722		81.456		10.693		84.542		12513
4.459		72.562		8.402		84.542		12513
5.330		95.014		10.095		84.542		12513
5.730		86.490		10.748		84.542		12513
4.555		73.077		8.576		84.542		12513
6.002		94.584		11.287		84.542		12513
5.243		91.877		9.919		84.542		12513
5.522		94.658		10.436		84.542		12513
6.034		90.203		11.311		84.542		12513
5.067		74.501		9.488		84.542		12513
5.498		87.643		10.347		84.542		12513
2.981		88.599		5.768		84.542		12513
EPOCH: 25
/Users/hhullen/PROJECTS/CPP7_MLP-0/datasets/emnist-letters/emnist-letters-test.csv
LINES: 14801
PRECISION	RECALL		F-MEASURE	AVG-ACC		ANSS
5.374		78.880		10.063		84.981		12578
5.613		89.480		10.563		84.981		12578
5.748		93.290		10.829		84.981		12578
5.502		86.717		10.347		84.981		12578
5.883		87.886		11.028		84.981		12578
5.677		92.010		10.693		84.981		12578
4.277		83.670		8.139		84.981		12578
5.335		88.874		10.065		84.981		12578
3.959		76.031		7.527		84.981		12578
5.502		93.136		10.390		84.981		12578
5.414		92.152		10.228		84.981		12578
4.858		70.554		9.090		84.981		12578
6.018		94.271		11.315		84.981		12578
5.208		93.040		9.863		84.981		12578
5.931		91.422		11.139		84.981		12578
6.003		91.184		11.264		84.981		12578
5.351		70.397		9.945		84.981		12578
5.390		89.920		10.171		84.981		12578
2.958		87.736		5.722		84.981		12578
EPOCH: 26
/Users/hhullen/PROJECTS/CPP7_MLP-0/datasets/emnist-letters/emnist-letters-test.csv
LINES: 14801
PRECISION	RECALL		F-MEASURE	AVG-ACC		ANSS
5.211		83.525		9.810		84.792		12550
5.633		87.608		10.586		84.792		12550
5.737		94.612		10.818		84.792		12550
5.753		81.582		10.748		84.792		12550
5.873		89.225		11.020		84.792		12550
5.594		93.351		10.555		84.792		12550
4.287		84.326		8.159		84.792		12550
5.434		88.571		10.240		84.792		12550
4.032		74.194		7.648		84.792		12550
5.394		94.159		10.204		84.792		12550
5.482		92.848		10.353		84.792		12550
4.988		69.710		9.310		84.792		12550
6.056		92.010		11.364		84.792		12550
5.012		93.323		9.513		84.792		12550
5.769		93.419		10.867		84.792		12550
5.960		91.443		11.191		84.792		12550
5.378		69.876		9.988		84.792		12550
5.458		91.212		10.300		84.792		12550
2.948		89.806		5.709		84.792		12550
EPOCH: 27
/Users/hhullen/PROJECTS/CPP7_MLP-0/datasets/emnist-letters/emnist-letters-test.csv
LINES: 14801
PRECISION	RECALL		F-MEASURE	AVG-ACC		ANSS
5.147		83.484		9.697		84.927		12570
5.648		87.654		10.613		84.927		12570
5.744		95.125		10.834		84.927		12570
5.680		85.000		10.649		84.927		12570
5.712		92.288		10.758		84.927		12570
5.784		89.975		10.869		84.927		12570
4.344		83.742		8.259		84.927		12570
5.418		88.442		10.210		84.927		12570
4.368		73.494		8.245		84.927		12570
5.648		91.850		10.642		84.927		12570
5.426		91.055		10.241		84.927		12570
4.670		73.101		8.779		84.927		12570
6.102		88.671		11.418		84.927		12570
5.187		91.445		9.817		84.927		12570
5.672		93.325		10.694		84.927		12570
5.895		91.256		11.075		84.927		12570
5.187		72.525		9.681		84.927		12570
5.418		89.370		10.216		84.927		12570
2.951		91.379		5.718		84.927		12570
EPOCH: 28
/Users/hhullen/PROJECTS/CPP7_MLP-0/datasets/emnist-letters/emnist-letters-test.csv
LINES: 14801
PRECISION	RECALL		F-MEASURE	AVG-ACC		ANSS
4.996		84.480		9.433		84.663		12531
5.730		86.506		10.748		84.663		12531
5.690		95.321		10.739		84.663		12531
5.650		84.286		10.590		84.663		12531
5.897		88.715		11.060		84.663		12531
5.698		91.421		10.727		84.663		12531
4.174		84.903		7.956		84.663		12531
5.411		88.512		10.198		84.663		12531
4.565		72.589		8.589		84.663		12531
5.530		93.271		10.441		84.663		12531
5.538		90.838		10.440		84.663		12531
4.517		73.602		8.511		84.663		12531
6.105		90.963		11.442		84.663		12531
5.012		93.314		9.512		84.663		12531
5.905		90.134		11.084		84.663		12531
5.977		90.678		11.215		84.663		12531
5.227		71.663		9.743		84.663		12531
5.403		89.432		10.190		84.663		12531
2.977		85.945		5.754		84.663		12531
EPOCH: 29
/Users/hhullen/PROJECTS/CPP7_MLP-0/datasets/emnist-letters/emnist-letters-test.csv
LINES: 14801
PRECISION	RECALL		F-MEASURE	AVG-ACC		ANSS
5.305		78.588		9.939		85.075		12592
5.646		87.778		10.610		85.075		12592
5.774		93.806		10.878		85.075		12592
5.686		83.939		10.651		85.075		12592
5.813		91.500		10.932		85.075		12592
5.551		95.102		10.490		85.075		12592
4.273		83.282		8.128		85.075		12592
5.567		86.012		10.457		85.075		12592
4.590		70.920		8.622		85.075		12592
5.345		94.789		10.119		85.075		12592
5.543		92.206		10.458		85.075		12592
4.495		74.376		8.477		85.075		12592
5.996		94.140		11.274		85.075		12592
5.241		92.050		9.918		85.075		12592
5.948		91.119		11.167		85.075		12592
6.004		88.421		11.244		85.075		12592
4.876		74.515		9.153		85.075		12592
5.408		89.253		10.198		85.075		12592
2.938		88.517		5.688		85.075		12592
IN A ROW IS: 6
