/Users/hhullen/PROJECTS/CPP7_MLP-0/datasets/emnist-letters/emnist-letters-train.csv
LINES: 88801
TESTING: 88801 1
EPOCH: 0
/Users/hhullen/PROJECTS/CPP7_MLP-0/datasets/emnist-letters/emnist-letters-test.csv
LINES: 14801
PRECISION	RECALL		F-MEASURE	AVG-ACC		ANSS
6.191		37.768		10.638		65.374		9676
5.953		61.736		10.859		65.374		9676
6.666		80.124		12.308		65.374		9676
4.444		78.899		8.414		65.374		9676
5.901		82.395		11.014		65.374		9676
4.682		89.349		8.897		65.374		9676
1.519		62.553		2.966		65.374		9676
5.426		67.655		10.046		65.374		9676
4.434		70.792		8.345		65.374		9676
6.335		79.507		11.735		65.374		9676
4.899		75.840		9.203		65.374		9676
4.310		56.428		8.008		65.374		9676
7.007		89.446		12.996		65.374		9676
5.519		69.441		10.225		65.374		9676
6.811		84.163		12.602		65.374		9676
7.234		68.359		13.084		65.374		9676
4.444		53.218		8.203		65.374		9676
5.023		86.631		9.495		65.374		9676
3.204		72.941		6.138		65.374		9676
EPOCH: 1
/Users/hhullen/PROJECTS/CPP7_MLP-0/datasets/emnist-letters/emnist-letters-test.csv
LINES: 14801
PRECISION	RECALL		F-MEASURE	AVG-ACC		ANSS
5.591		54.480		10.141		73.475		10875
6.005		72.155		11.087		73.475		10875
5.802		89.886		10.901		73.475		10875
4.441		81.176		8.422		73.475		10875
5.986		81.579		11.154		73.475		10875
5.490		89.910		10.348		73.475		10875
4.460		56.134		8.263		73.475		10875
5.591		72.814		10.384		73.475		10875
4.423		70.425		8.323		73.475		10875
5.775		85.792		10.821		73.475		10875
5.637		72.203		10.457		73.475		10875
5.048		65.047		9.369		73.475		10875
6.069		93.750		11.400		73.475		10875
4.993		78.017		9.386		73.475		10875
6.189		88.904		11.572		73.475		10875
6.520		83.806		12.098		73.475		10875
4.377		66.019		8.210		73.475		10875
4.644		91.320		8.838		73.475		10875
2.961		83.420		5.719		73.475		10875
EPOCH: 2
/Users/hhullen/PROJECTS/CPP7_MLP-0/datasets/emnist-letters/emnist-letters-test.csv
LINES: 14801
PRECISION	RECALL		F-MEASURE	AVG-ACC		ANSS
5.595		63.646		10.286		75.475		11171
6.051		74.945		11.199		75.475		11171
5.828		89.423		10.942		75.475		11171
4.458		80.323		8.447		75.475		11171
6.016		81.159		11.201		75.475		11171
5.443		91.566		10.275		75.475		11171
4.485		67.520		8.411		75.475		11171
5.407		81.511		10.141		75.475		11171
4.530		70.868		8.515		75.475		11171
5.837		85.789		10.930		75.475		11171
5.693		76.534		10.598		75.475		11171
4.986		70.506		9.314		75.475		11171
6.096		94.847		11.456		75.475		11171
5.273		79.702		9.891		75.475		11171
6.356		88.861		11.863		75.475		11171
6.230		87.657		11.634		75.475		11171
4.324		71.239		8.153		75.475		11171
4.270		93.529		8.167		75.475		11171
3.124		81.925		6.019		75.475		11171
EPOCH: 3
/Users/hhullen/PROJECTS/CPP7_MLP-0/datasets/emnist-letters/emnist-letters-test.csv
LINES: 14801
PRECISION	RECALL		F-MEASURE	AVG-ACC		ANSS
5.148		71.065		9.600		77.042		11403
6.051		76.243		11.212		77.042		11403
5.797		90.548		10.896		77.042		11403
4.402		82.566		8.359		77.042		11403
6.139		77.008		11.371		77.042		11403
5.402		92.771		10.210		77.042		11403
4.060		75.902		7.708		77.042		11403
5.463		83.178		10.253		77.042		11403
4.429		73.401		8.353		77.042		11403
5.867		87.223		10.994		77.042		11403
5.823		76.234		10.820		77.042		11403
5.069		70.231		9.455		77.042		11403
6.218		92.680		11.654		77.042		11403
5.560		80.051		10.398		77.042		11403
6.376		88.443		11.894		77.042		11403
6.174		90.722		11.561		77.042		11403
4.709		71.126		8.834		77.042		11403
4.236		93.969		8.106		77.042		11403
3.078		83.373		5.937		77.042		11403
EPOCH: 4
/Users/hhullen/PROJECTS/CPP7_MLP-0/datasets/emnist-letters/emnist-letters-test.csv
LINES: 14801
PRECISION	RECALL		F-MEASURE	AVG-ACC		ANSS
5.461		69.357		10.124		78.691		11647
5.993		76.368		11.114		78.691		11647
5.838		91.398		10.976		78.691		11647
4.310		84.941		8.204		78.691		11647
6.233		75.311		11.514		78.691		11647
5.615		91.469		10.581		78.691		11647
3.666		84.221		7.026		78.691		11647
5.461		85.484		10.266		78.691		11647
4.654		72.460		8.745		78.691		11647
5.692		91.828		10.720		78.691		11647
5.813		76.411		10.803		78.691		11647
4.963		70.316		9.271		78.691		11647
6.165		93.734		11.569		78.691		11647
5.375		83.578		10.100		78.691		11647
6.208		90.037		11.614		78.691		11647
6.002		92.829		11.274		78.691		11647
5.280		66.558		9.784		78.691		11647
4.173		95.481		7.996		78.691		11647
3.100		83.565		5.977		78.691		11647
EPOCH: 5
/Users/hhullen/PROJECTS/CPP7_MLP-0/datasets/emnist-letters/emnist-letters-test.csv
LINES: 14801
PRECISION	RECALL		F-MEASURE	AVG-ACC		ANSS
5.342		71.560		9.943		78.914		11680
6.002		77.544		11.141		78.914		11680
5.899		91.989		11.087		78.914		11680
4.366		83.744		8.300		78.914		11680
6.301		76.827		11.647		78.914		11680
5.702		90.612		10.729		78.914		11680
3.579		86.542		6.873		78.914		11680
5.497		85.372		10.328		78.914		11680
4.580		73.489		8.623		78.914		11680
5.625		93.059		10.609		78.914		11680
5.711		80.265		10.663		78.914		11680
5.223		68.694		9.707		78.914		11680
6.241		93.822		11.704		78.914		11680
5.214		84.937		9.825		78.914		11680
6.130		90.863		11.485		78.914		11680
5.890		93.989		11.086		78.914		11680
5.428		64.694		10.016		78.914		11680
4.161		94.922		7.972		78.914		11680
3.108		83.257		5.992		78.914		11680
EPOCH: 6
/Users/hhullen/PROJECTS/CPP7_MLP-0/datasets/emnist-letters/emnist-letters-test.csv
LINES: 14801
PRECISION	RECALL		F-MEASURE	AVG-ACC		ANSS
5.470		71.826		10.165		79.670		11792
5.928		78.188		11.020		79.670		11792
5.818		92.328		10.945		79.670		11792
4.325		86.003		8.236		79.670		11792
6.250		77.907		11.572		79.670		11792
5.699		90.566		10.723		79.670		11792
3.706		86.706		7.108		79.670		11792
5.639		83.753		10.567		79.670		11792
4.639		72.836		8.722		79.670		11792
5.597		92.697		10.557		79.670		11792
5.665		83.085		10.607		79.670		11792
5.046		68.627		9.400		79.670		11792
6.225		92.911		11.667		79.670		11792
5.343		85.135		10.054		79.670		11792
5.979		90.734		11.218		79.670		11792
6.013		93.659		11.300		79.670		11792
5.419		66.012		10.016		79.670		11792
4.181		95.174		8.010		79.670		11792
3.061		82.045		5.903		79.670		11792
EPOCH: 7
/Users/hhullen/PROJECTS/CPP7_MLP-0/datasets/emnist-letters/emnist-letters-test.csv
LINES: 14801
PRECISION	RECALL		F-MEASURE	AVG-ACC		ANSS
5.378		73.272		10.021		79.893		11825
5.911		78.013		10.990		79.893		11825
5.827		91.744		10.957		79.893		11825
4.321		86.464		8.231		79.893		11825
6.241		76.161		11.537		79.893		11825
5.776		89.987		10.855		79.893		11825
3.687		87.200		7.075		79.893		11825
5.632		83.563		10.553		79.893		11825
4.643		73.396		8.733		79.893		11825
5.666		92.798		10.680		79.893		11825
5.700		83.935		10.675		79.893		11825
5.091		69.037		9.483		79.893		11825
6.283		92.875		11.770		79.893		11825
5.175		88.567		9.779		79.893		11825
6.038		89.924		11.316		79.893		11825
6.038		93.701		11.345		79.893		11825
5.328		68.035		9.882		79.893		11825
4.152		95.155		7.957		79.893		11825
3.112		81.596		5.995		79.893		11825
EPOCH: 8
/Users/hhullen/PROJECTS/CPP7_MLP-0/datasets/emnist-letters/emnist-letters-test.csv
LINES: 14801
PRECISION	RECALL		F-MEASURE	AVG-ACC		ANSS
5.449		73.726		10.147		80.724		11948
5.875		78.611		10.934		80.724		11948
5.792		91.413		10.893		80.724		11948
4.361		87.270		8.306		80.724		11948
6.177		77.521		11.442		80.724		11948
5.809		88.860		10.904		80.724		11948
3.825		86.226		7.325		80.724		11948
5.599		84.684		10.504		80.724		11948
4.628		73.733		8.710		80.724		11948
5.691		92.896		10.726		80.724		11948
5.691		83.641		10.657		80.724		11948
5.055		69.346		9.424		80.724		11948
6.219		93.225		11.659		80.724		11948
5.315		87.225		10.019		80.724		11948
6.009		89.193		11.260		80.724		11948
5.984		93.709		11.250		80.724		11948
5.172		72.450		9.655		80.724		11948
4.235		93.878		8.104		80.724		11948
3.113		81.400		5.998		80.724		11948
EPOCH: 9
/Users/hhullen/PROJECTS/CPP7_MLP-0/datasets/emnist-letters/emnist-letters-test.csv
LINES: 14801
PRECISION	RECALL		F-MEASURE	AVG-ACC		ANSS
5.433		74.120		10.124		81.204		12019
5.882		80.432		10.963		81.204		12019
5.683		91.555		10.701		81.204		12019
4.435		88.982		8.448		81.204		12019
6.140		77.521		11.379		81.204		12019
5.799		88.005		10.881		81.204		12019
3.852		84.644		7.369		81.204		12019
5.616		84.481		10.532		81.204		12019
4.518		74.079		8.516		81.204		12019
5.708		92.204		10.750		81.204		12019
5.649		85.516		10.599		81.204		12019
5.100		68.645		9.495		81.204		12019
6.190		93.233		11.610		81.204		12019
5.475		86.239		10.296		81.204		12019
6.015		89.259		11.271		81.204		12019
5.991		93.506		11.260		81.204		12019
5.158		71.759		9.625		81.204		12019
4.268		94.128		8.166		81.204		12019
3.087		83.937		5.955		81.204		12019
EPOCH: 10
/Users/hhullen/PROJECTS/CPP7_MLP-0/datasets/emnist-letters/emnist-letters-test.csv
LINES: 14801
PRECISION	RECALL		F-MEASURE	AVG-ACC		ANSS
5.377		74.541		10.031		81.670		12088
5.849		80.985		10.910		81.670		12088
5.625		92.643		10.607		81.670		12088
4.988		87.645		9.440		81.670		12088
6.097		79.077		11.321		81.670		12088
5.807		87.422		10.891		81.670		12088
3.896		83.216		7.444		81.670		12088
5.675		82.353		10.618		81.670		12088
4.302		75.253		8.138		81.670		12088
5.733		92.400		10.796		81.670		12088
5.559		87.160		10.452		81.670		12088
5.146		68.805		9.575		81.670		12088
6.155		93.116		11.547		81.670		12088
5.452		87.750		10.266		81.670		12088
5.932		89.962		11.129		81.670		12088
5.989		92.821		11.253		81.670		12088
5.079		71.065		9.481		81.670		12088
4.277		94.343		8.183		81.670		12088
3.061		86.247		5.912		81.670		12088
EPOCH: 11
/Users/hhullen/PROJECTS/CPP7_MLP-0/datasets/emnist-letters/emnist-letters-test.csv
LINES: 14801
PRECISION	RECALL		F-MEASURE	AVG-ACC		ANSS
5.425		75.775		10.126		82.190		12165
5.886		81.642		10.980		82.190		12165
5.664		92.608		10.675		82.190		12165
5.203		88.780		9.831		82.190		12165
6.050		80.087		11.250		82.190		12165
5.771		86.560		10.820		82.190		12165
4.168		79.467		7.920		82.190		12165
5.549		82.217		10.396		82.190		12165
4.307		74.432		8.144		82.190		12165
5.730		93.057		10.794		82.190		12165
5.565		86.684		10.459		82.190		12165
4.973		69.620		9.283		82.190		12165
6.132		92.556		11.503		82.190		12165
5.286		90.691		9.989		82.190		12165
6.091		88.849		11.401		82.190		12165
5.943		93.050		11.173		82.190		12165
4.965		72.859		9.297		82.190		12165
4.242		93.989		8.117		82.190		12165
3.050		87.294		5.894		82.190		12165
EPOCH: 12
/Users/hhullen/PROJECTS/CPP7_MLP-0/datasets/emnist-letters/emnist-letters-test.csv
LINES: 14801
PRECISION	RECALL		F-MEASURE	AVG-ACC		ANSS
5.367		74.120		10.008		82.211		12168
5.909		81.891		11.023		82.211		12168
5.695		93.020		10.733		82.211		12168
5.350		86.916		10.080		82.211		12168
6.040		81.576		11.248		82.211		12168
5.794		88.235		10.874		82.211		12168
3.994		80.198		7.609		82.211		12168
5.597		80.879		10.469		82.211		12168
4.356		72.802		8.220		82.211		12168
5.580		94.175		10.536		82.211		12168
5.605		86.329		10.526		82.211		12168
4.964		70.233		9.272		82.211		12168
6.065		94.373		11.398		82.211		12168
5.243		91.404		9.918		82.211		12168
6.131		88.389		11.466		82.211		12168
5.966		94.163		11.222		82.211		12168
4.964		73.035		9.296		82.211		12168
4.306		93.571		8.234		82.211		12168
3.074		86.374		5.936		82.211		12168
EPOCH: 13
/Users/hhullen/PROJECTS/CPP7_MLP-0/datasets/emnist-letters/emnist-letters-test.csv
LINES: 14801
PRECISION	RECALL		F-MEASURE	AVG-ACC		ANSS
5.002		80.105		9.415		82.130		12156
5.956		78.867		11.075		82.130		12156
5.619		93.819		10.602		82.130		12156
5.594		84.054		10.490		82.130		12156
6.030		81.174		11.226		82.130		12156
5.668		90.539		10.668		82.130		12156
3.990		81.104		7.605		82.130		12156
5.561		80.958		10.407		82.130		12156
4.344		73.333		8.201		82.130		12156
5.602		93.931		10.574		82.130		12156
5.668		85.803		10.634		82.130		12156
4.961		70.116		9.266		82.130		12156
6.137		94.073		11.522		82.130		12156
5.224		91.499		9.883		82.130		12156
6.104		90.268		11.435		82.130		12156
6.055		93.283		11.371		82.130		12156
5.059		72.695		9.460		82.130		12156
4.368		92.832		8.344		82.130		12156
3.060		87.529		5.914		82.130		12156
EPOCH: 14
/Users/hhullen/PROJECTS/CPP7_MLP-0/datasets/emnist-letters/emnist-letters-test.csv
LINES: 14801
PRECISION	RECALL		F-MEASURE	AVG-ACC		ANSS
5.112		79.464		9.605		82.346		12188
5.883		80.471		10.964		82.346		12188
5.604		94.467		10.580		82.346		12188
5.727		81.829		10.705		82.346		12188
6.014		80.285		11.190		82.346		12188
5.768		88.206		10.828		82.346		12188
3.889		84.492		7.436		82.346		12188
5.538		82.619		10.381		82.346		12188
4.266		74.392		8.070		82.346		12188
5.653		93.360		10.661		82.346		12188
5.702		85.591		10.692		82.346		12188
5.161		68.818		9.602		82.346		12188
6.129		94.081		11.508		82.346		12188
5.218		90.213		9.866		82.346		12188
5.932		93.411		11.156		82.346		12188
6.006		93.367		11.286		82.346		12188
5.120		72.897		9.568		82.346		12188
4.217		94.312		8.074		82.346		12188
3.060		88.389		5.916		82.346		12188
EPOCH: 15
/Users/hhullen/PROJECTS/CPP7_MLP-0/datasets/emnist-letters/emnist-letters-test.csv
LINES: 14801
PRECISION	RECALL		F-MEASURE	AVG-ACC		ANSS
5.341		76.313		9.983		82.731		12245
5.880		81.081		10.965		82.731		12245
5.610		94.759		10.594		82.731		12245
5.717		80.367		10.674		82.731		12245
6.019		81.167		11.207		82.731		12245
5.668		91.316		10.673		82.731		12245
4.100		82.026		7.809		82.731		12245
5.570		84.302		10.449		82.731		12245
4.483		73.200		8.449		82.731		12245
5.676		93.289		10.701		82.731		12245
5.643		86.483		10.595		82.731		12245
4.835		70.983		9.053		82.731		12245
6.141		94.000		11.529		82.731		12245
5.284		89.986		9.981		82.731		12245
5.864		93.734		11.037		82.731		12245
5.864		95.225		11.047		82.731		12245
4.916		73.865		9.219		82.731		12245
4.345		92.201		8.298		82.731		12245
3.046		87.354		5.887		82.731		12245
EPOCH: 16
/Users/hhullen/PROJECTS/CPP7_MLP-0/datasets/emnist-letters/emnist-letters-test.csv
LINES: 14801
PRECISION	RECALL		F-MEASURE	AVG-ACC		ANSS
4.885		82.917		9.226		82.569		12221
5.810		84.323		10.870		82.569		12221
5.711		92.573		10.759		82.569		12221
5.769		79.932		10.761		82.569		12221
5.998		80.905		11.168		82.569		12221
5.679		89.664		10.681		82.569		12221
4.042		81.250		7.701		82.569		12221
5.671		80.394		10.594		82.569		12221
4.590		72.952		8.637		82.569		12221
5.695		92.430		10.729		82.569		12221
5.605		85.947		10.524		82.569		12221
4.885		72.276		9.152		82.569		12221
6.129		94.690		11.512		82.569		12221
5.376		89.632		10.144		82.569		12221
5.842		93.211		10.996		82.569		12221
5.973		93.231		11.227		82.569		12221
4.926		74.321		9.240		82.569		12221
4.353		91.566		8.311		82.569		12221
3.060		84.807		5.907		82.569		12221
EPOCH: 17
/Users/hhullen/PROJECTS/CPP7_MLP-0/datasets/emnist-letters/emnist-letters-test.csv
LINES: 14801
PRECISION	RECALL		F-MEASURE	AVG-ACC		ANSS
4.807		84.241		9.095		82.643		12232
5.919		78.101		11.004		82.643		12232
5.813		91.860		10.933		82.643		12232
5.796		79.395		10.804		82.643		12232
6.001		82.658		11.189		82.643		12232
5.518		92.975		10.418		82.643		12232
4.112		79.213		7.818		82.643		12232
5.526		82.742		10.361		82.643		12232
4.431		74.247		8.363		82.643		12232
5.837		91.774		10.976		82.643		12232
5.665		85.767		10.629		82.643		12232
4.962		71.412		9.280		82.643		12232
6.140		93.758		11.525		82.643		12232
5.265		91.869		9.959		82.643		12232
5.935		92.602		11.156		82.643		12232
6.074		93.695		11.409		82.643		12232
4.848		76.418		9.117		82.643		12232
4.308		93.440		8.237		82.643		12232
3.041		86.111		5.875		82.643		12232
EPOCH: 18
/Users/hhullen/PROJECTS/CPP7_MLP-0/datasets/emnist-letters/emnist-letters-test.csv
LINES: 14801
PRECISION	RECALL		F-MEASURE	AVG-ACC		ANSS
4.903		82.645		9.256		82.684		12238
5.883		78.861		10.950		82.684		12238
5.761		92.641		10.847		82.684		12238
5.736		81.250		10.716		82.684		12238
6.022		80.811		11.209		82.684		12238
5.524		92.098		10.422		82.684		12238
4.176		77.074		7.922		82.684		12238
5.507		83.831		10.336		82.684		12238
4.519		73.832		8.516		82.684		12238
5.834		92.367		10.975		82.684		12238
5.565		87.532		10.464		82.684		12238
4.927		71.445		9.219		82.684		12238
6.047		94.994		11.370		82.684		12238
5.393		89.918		10.176		82.684		12238
5.957		92.395		11.192		82.684		12238
5.998		93.862		11.275		82.684		12238
4.837		75.414		9.092		82.684		12238
4.363		92.388		8.333		82.684		12238
3.048		86.946		5.889		82.684		12238
EPOCH: 19
/Users/hhullen/PROJECTS/CPP7_MLP-0/datasets/emnist-letters/emnist-letters-test.csv
LINES: 14801
PRECISION	RECALL		F-MEASURE	AVG-ACC		ANSS
4.811		83.075		9.095		82.717		12243
5.865		79.425		10.923		82.717		12243
5.734		93.103		10.802		82.717		12243
5.775		78.994		10.763		82.717		12243
6.036		81.929		11.244		82.717		12243
5.546		93.141		10.469		82.717		12243
4.157		77.356		7.891		82.717		12243
5.473		85.133		10.284		82.717		12243
4.509		73.600		8.497		82.717		12243
5.873		91.244		11.035		82.717		12243
5.595		87.150		10.515		82.717		12243
4.868		71.981		9.119		82.717		12243
6.061		95.006		11.394		82.717		12243
5.473		88.742		10.309		82.717		12243
5.914		92.229		11.115		82.717		12243
6.052		92.857		11.364		82.717		12243
4.819		75.064		9.057		82.717		12243
4.386		91.952		8.373		82.717		12243
3.055		86.374		5.901		82.717		12243
EPOCH: 20
/Users/hhullen/PROJECTS/CPP7_MLP-0/datasets/emnist-letters/emnist-letters-test.csv
LINES: 14801
PRECISION	RECALL		F-MEASURE	AVG-ACC		ANSS
5.279		77.671		9.885		82.812		12257
5.809		81.465		10.845		82.812		12257
5.597		93.460		10.561		82.812		12257
5.744		81.106		10.728		82.812		12257
6.127		75.706		11.337		82.812		12257
5.572		92.925		10.514		82.812		12257
4.283		76.531		8.112		82.812		12257
5.450		85.313		10.245		82.812		12257
4.446		74.251		8.390		82.812		12257
5.752		93.750		10.839		82.812		12257
5.572		89.048		10.488		82.812		12257
5.001		70.949		9.344		82.812		12257
6.119		93.633		11.487		82.812		12257
5.213		92.075		9.868		82.812		12257
6.054		92.060		11.360		82.812		12257
6.078		91.411		11.398		82.812		12257
4.487		79.826		8.497		82.812		12257
4.349		93.345		8.310		82.812		12257
3.068		85.845		5.924		82.812		12257
EPOCH: 21
/Users/hhullen/PROJECTS/CPP7_MLP-0/datasets/emnist-letters/emnist-letters-test.csv
LINES: 14801
PRECISION	RECALL		F-MEASURE	AVG-ACC		ANSS
4.941		83.609		9.331		82.994		12284
5.845		81.870		10.911		82.994		12284
5.731		92.754		10.795		82.994		12284
5.585		84.069		10.473		82.994		12284
6.032		81.518		11.233		82.994		12284
5.658		90.850		10.652		82.994		12284
4.445		76.045		8.399		82.994		12284
5.576		83.232		10.452		82.994		12284
4.705		71.535		8.830		82.994		12284
5.731		93.617		10.801		82.994		12284
5.650		86.318		10.605		82.994		12284
4.599		73.092		8.654		82.994		12284
6.097		93.860		11.451		82.994		12284
5.300		91.561		10.019		82.994		12284
6.081		91.098		11.401		82.994		12284
6.032		91.935		11.322		82.994		12284
4.632		78.809		8.750		82.994		12284
4.355		92.083		8.317		82.994		12284
3.004		90.441		5.815		82.994		12284
EPOCH: 22
/Users/hhullen/PROJECTS/CPP7_MLP-0/datasets/emnist-letters/emnist-letters-test.csv
LINES: 14801
PRECISION	RECALL		F-MEASURE	AVG-ACC		ANSS
4.938		84.240		9.330		82.636		12231
5.977		76.385		11.086		82.636		12231
5.666		93.020		10.681		82.636		12231
5.682		81.765		10.626		82.636		12231
6.116		78.161		11.344		82.636		12231
5.584		91.188		10.524		82.636		12231
4.456		73.748		8.404		82.636		12231
5.257		88.324		9.924		82.636		12231
4.096		75.680		7.772		82.636		12231
5.764		92.885		10.855		82.636		12231
5.764		84.838		10.795		82.636		12231
5.069		69.119		9.445		82.636		12231
6.099		93.955		11.455		82.636		12231
5.551		89.460		10.454		82.636		12231
6.091		90.303		11.412		82.636		12231
5.952		95.163		11.203		82.636		12231
4.472		80.798		8.475		82.636		12231
4.407		91.047		8.407		82.636		12231
3.058		86.775		5.907		82.636		12231
EPOCH: 23
/Users/hhullen/PROJECTS/CPP7_MLP-0/datasets/emnist-letters/emnist-letters-test.csv
LINES: 14801
PRECISION	RECALL		F-MEASURE	AVG-ACC		ANSS
4.815		83.949		9.107		82.934		12275
5.874		80.739		10.951		82.934		12275
5.711		93.094		10.761		82.934		12275
5.686		83.095		10.644		82.934		12275
6.029		81.768		11.229		82.934		12275
5.654		90.719		10.644		82.934		12275
4.554		72.036		8.566		82.934		12275
5.548		83.661		10.406		82.934		12275
4.464		74.355		8.423		82.934		12275
5.743		93.131		10.820		82.934		12275
5.637		86.717		10.587		82.934		12275
4.921		71.479		9.207		82.934		12275
6.151		93.441		11.542		82.934		12275
5.312		90.055		10.032		82.934		12275
5.996		91.542		11.255		82.934		12275
6.045		93.924		11.359		82.934		12275
4.554		79.291		8.613		82.934		12275
4.293		93.606		8.210		82.934		12275
3.014		90.686		5.835		82.934		12275
EPOCH: 24
/Users/hhullen/PROJECTS/CPP7_MLP-0/datasets/emnist-letters/emnist-letters-test.csv
LINES: 14801
PRECISION	RECALL		F-MEASURE	AVG-ACC		ANSS
5.011		84.153		9.459		83.055		12293
5.678		86.067		10.653		83.055		12293
5.654		92.790		10.658		83.055		12293
5.645		82.915		10.571		83.055		12293
6.077		78.138		11.276		83.055		12293
5.719		88.875		10.746		83.055		12293
4.474		73.236		8.433		83.055		12293
5.434		87.435		10.232		83.055		12293
4.547		71.943		8.554		83.055		12293
5.702		93.591		10.750		83.055		12293
5.515		89.328		10.389		83.055		12293
4.645		71.734		8.725		83.055		12293
6.134		94.486		11.519		83.055		12293
5.629		86.935		10.574		83.055		12293
6.109		91.252		11.452		83.055		12293
5.963		93.020		11.207		83.055		12293
4.547		78.182		8.595		83.055		12293
4.458		87.821		8.485		83.055		12293
3.059		85.649		5.906		83.055		12293
EPOCH: 25
/Users/hhullen/PROJECTS/CPP7_MLP-0/datasets/emnist-letters/emnist-letters-test.csv
LINES: 14801
PRECISION	RECALL		F-MEASURE	AVG-ACC		ANSS
4.641		86.061		8.806		82.697		12240
5.915		78.355		11.000		82.697		12240
5.686		92.800		10.716		82.697		12240
5.752		81.106		10.742		82.697		12240
6.046		80.874		11.250		82.697		12240
5.507		93.352		10.400		82.697		12240
4.510		75.000		8.508		82.697		12240
5.531		84.731		10.384		82.697		12240
4.763		71.184		8.929		82.697		12240
5.809		92.941		10.934		82.697		12240
5.588		89.062		10.517		82.697		12240
4.592		73.272		8.642		82.697		12240
6.209		91.677		11.631		82.697		12240
5.343		91.213		10.095		82.697		12240
5.784		94.024		10.898		82.697		12240
6.095		92.099		11.433		82.697		12240
4.779		77.586		9.004		82.697		12240
4.444		90.818		8.474		82.697		12240
3.007		91.542		5.822		82.697		12240
EPOCH: 26
/Users/hhullen/PROJECTS/CPP7_MLP-0/datasets/emnist-letters/emnist-letters-test.csv
LINES: 14801
PRECISION	RECALL		F-MEASURE	AVG-ACC		ANSS
4.623		88.180		8.785		82.873		12266
5.919		78.149		11.004		82.873		12266
5.788		92.208		10.893		82.873		12266
5.682		81.904		10.627		82.873		12266
6.033		80.000		11.220		82.873		12266
5.487		91.814		10.355		82.873		12266
4.451		75.207		8.405		82.873		12266
5.299		89.041		10.003		82.873		12266
4.500		72.727		8.476		82.873		12266
5.797		94.048		10.920		82.873		12266
5.829		84.615		10.907		82.873		12266
4.761		71.306		8.926		82.873		12266
6.220		92.373		11.656		82.873		12266
5.568		88.817		10.479		82.873		12266
6.090		90.109		11.409		82.873		12266
6.041		92.164		11.339		82.873		12266
4.443		81.955		8.429		82.873		12266
4.443		88.618		8.462		82.873		12266
3.025		90.709		5.854		82.873		12266
EPOCH: 27
/Users/hhullen/PROJECTS/CPP7_MLP-0/datasets/emnist-letters/emnist-letters-test.csv
LINES: 14801
PRECISION	RECALL		F-MEASURE	AVG-ACC		ANSS
4.966		85.854		9.389		83.400		12344
5.800		81.364		10.829		83.400		12344
5.954		89.416		11.165		83.400		12344
5.655		83.693		10.593		83.400		12344
5.833		83.430		10.903		83.400		12344
5.557		92.954		10.488		83.400		12344
4.391		77.986		8.314		83.400		12344
5.468		87.097		10.290		83.400		12344
4.529		73.263		8.530		83.400		12344
5.865		91.762		11.026		83.400		12344
5.557		88.175		10.456		83.400		12344
4.755		71.673		8.919		83.400		12344
6.149		91.778		11.525		83.400		12344
5.395		91.358		10.189		83.400		12344
5.954		91.875		11.184		83.400		12344
6.019		92.069		11.300		83.400		12344
4.772		77.807		8.992		83.400		12344
4.399		91.723		8.395		83.400		12344
2.981		92.695		5.777		83.400		12344
EPOCH: 28
/Users/hhullen/PROJECTS/CPP7_MLP-0/datasets/emnist-letters/emnist-letters-test.csv
LINES: 14801
PRECISION	RECALL		F-MEASURE	AVG-ACC		ANSS
4.844		84.986		9.166		83.684		12386
5.676		84.293		10.635		83.684		12386
5.934		89.963		11.134		83.684		12386
5.530		85.518		10.389		83.684		12386
5.910		81.605		11.022		83.684		12386
5.571		92.369		10.508		83.684		12386
4.384		78.242		8.303		83.684		12386
5.393		88.243		10.165		83.684		12386
4.489		75.034		8.471		83.684		12386
5.805		93.256		10.930		83.684		12386
5.692		87.145		10.686		83.684		12386
4.836		72.518		9.068		83.684		12386
6.104		92.875		11.455		83.684		12386
5.522		90.119		10.407		83.684		12386
6.128		89.610		11.471		83.684		12386
5.999		91.502		11.259		83.684		12386
4.667		77.584		8.804		83.684		12386
4.505		89.137		8.577		83.684		12386
3.011		90.976		5.830		83.684		12386
EPOCH: 29
/Users/hhullen/PROJECTS/CPP7_MLP-0/datasets/emnist-letters/emnist-letters-test.csv
LINES: 14801
PRECISION	RECALL		F-MEASURE	AVG-ACC		ANSS
4.855		86.291		9.193		83.217		12317
5.854		82.118		10.928		83.217		12317
5.902		89.642		11.076		83.217		12317
5.708		83.492		10.685		83.217		12317
5.878		85.884		11.003		83.217		12317
5.691		90.686		10.710		83.217		12317
4.514		74.133		8.510		83.217		12317
5.407		89.037		10.195		83.217		12317
4.579		71.122		8.604		83.217		12317
5.797		92.727		10.912		83.217		12317
5.724		85.042		10.726		83.217		12317
4.644		70.270		8.712		83.217		12317
6.235		90.888		11.670		83.217		12317
5.456		91.304		10.296		83.217		12317
5.943		93.248		11.174		83.217		12317
5.919		94.186		11.137		83.217		12317
4.457		78.429		8.435		83.217		12317
4.433		91.000		8.454		83.217		12317
3.004		91.133		5.816		83.217		12317
IN A ROW IS: 6
